0 0.129486 0.5 0.0126671 1 0.472168
1 0.129838 0.5 0.0133709 1 0.386475
0 0.26988 0.5 0.00914849 1 0.662109
0 0.351865 0.5 0.0112597 1 0.603027
0 0.456721 0.5 0.00844476 1 0.312744
0 0.689655 0.5 0.00985222 1 0.65625
0 0.741731 0.5 0.00844476 1 0.605957
0 0.75475 0.5 0.0147783 1 0.354492
1 0.755454 0.5 0.0147783 0.987654 0.532227
0 0.776918 0.5 0.0126671 1 0.460449
1 0.777973 0.5 0.0147783 1 0.625488
0 0.796622 0.5 0.00844476 1 0.623047
0 0.908515 0.5 0.0168895 1 0.355957
1 0.908515 0.5 0.0168895 1 0.496582
0 0.983814 0.506173 0.00844476 0.987654 0.565918
