0 0.00633357 0.512346 0.0126671 0.962963 0.468994
0 0.0587614 0.5 0.0147783 1 0.30542
1 0.0601689 0.5 0.0190007 1 0.549316
0 0.131949 0.496914 0.0119634 0.993827 0.372314
1 0.212878 0.5 0.0204082 1 0.722168
0 0.245954 0.5 0.0119634 1 0.386719
1 0.247009 0.5 0.0140746 0.987654 0.543945
0 0.273751 0.503086 0.00844476 0.993827 0.413818
0 0.378958 0.503086 0.0119634 0.993827 0.353027
1 0.37931 0.506173 0.0140746 0.987654 0.390869
0 0.400422 0.5 0.0112597 1 0.38501
1 0.401126 0.503086 0.0126671 0.993827 0.449707
0 0.475018 0.5 0.0126671 1 0.533203
1 0.476073 0.5 0.0133709 1 0.415283
0 0.502463 0.5 0.0112597 1 0.525879
0 0.534131 0.503086 0.00844476 0.993827 0.376953
0 0.568614 0.503086 0.00985222 0.993827 0.47168
0 0.603096 0.5 0.0154821 1 0.312988
1 0.603096 0.5 0.0154821 1 0.521484
0 0.701619 0.496914 0.00844476 0.993827 0.439697
0 0.731175 0.5 0.00985222 1 0.468262
1 0.815623 0.5 0.0168895 1 0.67041
