0 0.0277973 0.5 0.0133709 1 0.469727
1 0.0288529 0.5 0.0140746 0.987654 0.368652
0 0.126671 0.503086 0.00985222 0.993827 0.608398
0 0.264954 0.5 0.00914849 1 0.65332
0 0.349402 0.503086 0.00914849 0.993827 0.311768
0 0.364884 0.5 0.0105559 1 0.407471
1 0.365939 0.506173 0.0140746 0.962963 0.340576
0 0.485574 0.496914 0.00985222 0.993827 0.457031
0 0.561576 0.5 0.00844476 1 0.46875
0 0.580577 0.5 0.0112597 1 0.508789
0 0.858198 0.5 0.0147783 1 0.38916
1 0.85855 0.5 0.0154821 0.987654 0.643066
0 0.88107 0.503086 0.00985222 0.993827 0.60498
0 0.938424 0.5 0.0133709 1 0.42041
1 0.939127 0.5 0.0147783 1 0.603027
0 0.961999 0.5 0.0112597 1 0.60498
