0 0.0175932 0.5 0.00985222 0.987654 0.64209
0 0.0302604 0.5 0.00844476 1 0.350586
0 0.0517241 0.503086 0.00914849 0.993827 0.543457
0 0.0847994 0.496914 0.00914849 0.993827 0.523438
0 0.131949 0.496914 0.0119634 0.993827 0.578125
0 0.175932 0.5 0.0112597 1 0.620605
0 0.254046 0.5 0.00844476 1 0.497314
0 0.267065 0.503086 0.0119634 0.993827 0.538086
0 0.292048 0.5 0.00844476 1 0.525879
0 0.308585 0.503086 0.0105559 0.993827 0.59375
0 0.495074 0.496914 0.00914849 0.993827 0.710938
0 0.659043 0.5 0.00914849 1 0.581055
0 0.716045 0.5 0.0119634 1 0.610352
1 0.763899 0.503086 0.0133709 0.993827 0.331787
0 0.763899 0.5 0.0105559 1 0.58252
0 0.912034 0.506173 0.00844476 0.987654 0.502441
0 0.98874 0.5 0.00844476 1 0.398193
