0 0.275862 0.5 0.00985222 1 0.677246
0 0.34342 0.5 0.0112597 1 0.650879
0 0.397255 0.503086 0.0105559 0.993827 0.711914
0 0.453202 0.503086 0.0112597 0.993827 0.553223
0 0.523223 0.5 0.0105559 1 0.63916
0 0.564391 0.496914 0.00985222 0.993827 0.568848
0 0.638987 0.5 0.00985222 1 0.593262
0 0.736453 0.5 0.0147783 1 0.534668
0 0.766362 0.5 0.00844476 0.987654 0.396973
0 0.815623 0.5 0.00844476 1 0.440186
0 0.851513 0.5 0.0126671 1 0.592773
0 0.895848 0.5 0.00844476 1 0.497314
0 0.965517 0.5 0.00985222 1 0.703125
