0 0.0921886 0.503086 0.00844476 0.993827 0.630859
0 0.187896 0.5 0.00844476 1 0.547363
0 0.20936 0.5 0.00914849 1 0.706055
0 0.257565 0.5 0.00844476 1 0.550293
0 0.271992 0.503086 0.00914849 0.993827 0.650879
0 0.296622 0.5 0.00774103 1 0.546387
0 0.307178 0.5 0.00914849 1 0.680664
0 0.357143 0.5 0.00914849 1 0.628906
0 0.437016 0.5 0.00985222 1 0.408691
0 0.476425 0.5 0.0112597 1 0.726562
0 0.510908 0.5 0.00844476 0.987654 0.587891
0 0.693174 0.503086 0.00844476 0.993827 0.650391
0 0.718156 0.5 0.00914849 0.987654 0.666016
0 0.749472 0.503086 0.00844476 0.993827 0.365479
