0 0.101337 0.496914 0.00844476 0.993827 0.411377
0 0.31879 0.5 0.00844476 1 0.514648
0 0.348698 0.5 0.00914849 0.987654 0.682129
0 0.415904 0.496914 0.00985222 0.981481 0.724609
0 0.477833 0.5 0.00844476 1 0.469727
0 0.505278 0.503086 0.00844476 0.993827 0.602051
0 0.533427 0.5 0.00844476 1 0.624023
0 0.570021 0.5 0.00844476 1 0.530273
0 0.61506 0.5 0.00844476 1 0.347412
0 0.778325 0.5 0.00844476 1 0.38916
0 0.809641 0.5 0.00914849 0.987654 0.666504
0 0.861365 0.5 0.00844476 1 0.373535
0 0.891626 0.496914 0.00844476 0.993827 0.400391
0 0.974666 0.5 0.00844476 0.987654 0.486084
0 0.98311 0.5 0.00844476 0.975309 0.48999
