0 0.0689655 0.5 0.00844476 1 0.347656
0 0.225545 0.503086 0.00914849 0.993827 0.68457
0 0.280084 0.496914 0.00844476 0.993827 0.687012
0 0.331457 0.5 0.00985222 1 0.691895
0 0.377199 0.5 0.00985222 1 0.707031
0 0.441942 0.5 0.00985222 0.987654 0.677734
0 0.518649 0.5 0.00985222 1 0.720703
0 0.673118 0.506173 0.00914849 0.987654 0.412109
0 0.691766 0.5 0.00985222 0.987654 0.708984
0 0.874032 0.5 0.00985222 0.987654 0.719238
0 0.901478 0.506173 0.00844476 0.987654 0.620605
0 0.965517 0.503086 0.00985222 0.993827 0.720215
0 0.983814 0.5 0.00844476 1 0.386963
