0 0.0179451 0.503086 0.0105559 0.993827 0.647461
0 0.0394089 0.5 0.00844476 1 0.326172
0 0.119282 0.5 0.00914849 0.987654 0.538086
0 0.127375 0.5 0.00844476 1 0.633301
0 0.220971 0.5 0.00844476 1 0.570312
0 0.238564 0.5 0.0140746 1 0.429688
1 0.239268 0.496914 0.0140746 0.993827 0.48999
0 0.284659 0.5 0.0105559 0.987654 0.649902
0 0.309993 0.496914 0.0105559 0.993827 0.573242
0 0.332864 0.5 0.00985222 1 0.598145
0 0.486277 0.5 0.00844476 0.987654 0.525879
0 0.553835 0.496914 0.00844476 0.993827 0.386963
0 0.574243 0.503086 0.00844476 0.993827 0.511719
0 0.795215 0.503086 0.00844476 0.993827 0.453369
0 0.870514 0.5 0.00844476 1 0.521973
