1 0.387403 0.496914 0.0147783 0.993827 0.463867
0 0.477129 0.503086 0.00844476 0.993827 0.496338
0 0.553483 0.496914 0.00914849 0.993827 0.397949
1 0.587614 0.5 0.0239268 1 0.72168
0 0.626319 0.5 0.0140746 1 0.501953
0 0.642505 0.5 0.00844476 1 0.400391
0 0.661858 0.5 0.00914849 1 0.610352
0 0.779029 0.5 0.00844476 0.987654 0.669434
0 0.79803 0.5 0.00844476 1 0.512695
0 0.847994 0.503086 0.00985222 0.993827 0.674805
0 0.966925 0.5 0.00844476 0.987654 0.637207
1 0.991555 0.506173 0.0112597 0.987654 0.30542
0 0.991555 0.5 0.00985222 0.987654 0.383545
