0 0.140746 0.503086 0.00985222 0.993827 0.349121
0 0.248065 0.5 0.00914849 0.987654 0.521973
0 0.311049 0.5 0.00985222 1 0.648926
0 0.353272 0.5 0.00985222 1 0.696777
0 0.404293 0.5 0.0105559 1 0.695312
0 0.44898 0.5 0.00985222 1 0.700195
0 0.502463 0.5 0.0112597 1 0.618164
0 0.564039 0.5 0.0133709 1 0.473877
1 0.564743 0.496914 0.0147783 0.993827 0.342285
0 0.621393 0.5 0.00985222 1 0.685547
0 0.63969 0.5 0.00985222 0.987654 0.642578
0 0.670303 0.5 0.00914849 1 0.659668
0 0.691766 0.503086 0.00985222 0.993827 0.685059
0 0.716397 0.5 0.00844476 1 0.483154
