0 0.0499648 0.5 0.00844476 0.987654 0.561035
0 0.0872625 0.5 0.00844476 1 0.672363
0 0.110486 0.5 0.00844476 1 0.532715
0 0.169599 0.5 0.00844476 1 0.567383
0 0.184377 0.5 0.00844476 1 0.440186
0 0.242435 0.5 0.00914849 1 0.626465
0 0.289937 0.5 0.00844476 1 0.56543
0 0.313512 0.5 0.00914849 1 0.662109
0 0.326882 0.496914 0.00914849 0.993827 0.67041
0 0.340253 0.5 0.00914849 1 0.6875
0 0.356087 0.503086 0.00844476 0.993827 0.61377
0 0.457776 0.5 0.00914849 1 0.346436
0 0.562984 0.5 0.00985222 1 0.638672
0 0.577058 0.5 0.00844476 1 0.41333
0 0.674877 0.5 0.00985222 1 0.661133
0 0.709008 0.5 0.00914849 1 0.662598
0 0.760028 0.5 0.00844476 0.987654 0.35376
0 0.787122 0.5 0.0105559 1 0.728027
