0 0.234342 0.503086 0.00844476 0.993827 0.55127
1 0.302956 0.5 0.0133709 1 0.310791
0 0.303308 0.5 0.0126671 1 0.54834
0 0.337438 0.5 0.00914849 1 0.307373
0 0.404645 0.5 0.00844476 1 0.57373
0 0.41696 0.5 0.00914849 1 0.597168
0 0.480999 0.503086 0.00914849 0.993827 0.66748
0 0.519353 0.5 0.00844476 1 0.630859
0 0.543983 0.5 0.0112597 1 0.586914
0 0.551724 0.5 0.00844476 1 0.446045
0 0.568614 0.496914 0.00985222 0.981481 0.575195
1 0.630894 0.5 0.0147783 1 0.62793
0 0.646024 0.5 0.00985222 1 0.54541
0 0.652358 0.5 0.0126671 1 0.32959
0 0.660802 0.496914 0.00844476 0.993827 0.504883
0 0.678747 0.503086 0.00914849 0.993827 0.341797
0 0.698452 0.5 0.00914849 1 0.695801
0 0.726249 0.5 0.00844476 0.987654 0.354004
0 0.861013 0.5 0.0105559 1 0.637695
0 0.893737 0.5 0.00844476 1 0.450684
0 0.953554 0.5 0.00844476 1 0.640137
0 0.99437 0.5 0.00844476 1 0.608398
