0 0.133709 0.5 0.00985222 1 0.608398
0 0.200915 0.496914 0.00914849 0.993827 0.720215
0 0.211471 0.5 0.00774103 0.987654 0.435303
0 0.219564 0.5 0.00844476 1 0.61377
1 0.280084 0.5 0.0225194 1 0.69873
1 0.310345 0.5 0.018297 0.987654 0.651855
0 0.336383 0.503086 0.00844476 0.993827 0.339355
0 0.350457 0.5 0.00844476 1 0.396973
0 0.369458 0.5 0.00844476 1 0.4104
0 0.573892 0.5 0.00914849 1 0.578125
0 0.91133 0.496914 0.00985222 0.993827 0.550781
1 0.912386 0.509259 0.0133709 0.981481 0.339111
0 0.962702 0.5 0.00985222 1 0.720215
