0 0.00387051 0.496914 0.00774103 0.993827 0.485596
0 0.0123153 0.496914 0.00774103 0.993827 0.340088
0 0.114708 0.5 0.00844476 1 0.411377
0 0.186488 0.503086 0.00844476 0.993827 0.439209
0 0.276566 0.5 0.00844476 1 0.629395
0 0.3114 0.5 0.00914849 1 0.46582
0 0.461999 0.503086 0.0105559 0.993827 0.338867
0 0.477833 0.503086 0.00844476 0.993827 0.666016
0 0.530612 0.5 0.0112597 1 0.568359
0 0.72273 0.503086 0.00985222 0.993827 0.487549
0 0.96798 0.5 0.0105559 1 0.522461
1 0.968684 0.493827 0.0133709 0.987654 0.322266
