0 0.0475018 0.5 0.00914849 1 0.652344
0 0.0900774 0.5 0.00985222 1 0.698242
0 0.0981703 0.503086 0.00914849 0.993827 0.320312
0 0.104152 0.5 0.00844476 0.987654 0.619629
0 0.135116 0.5 0.00985222 1 0.720215
0 0.380718 0.5 0.00844476 1 0.586914
0 0.463758 0.503086 0.00844476 0.993827 0.375244
0 0.551372 0.5 0.00914849 0.987654 0.6875
0 0.697748 0.5 0.00914849 1 0.613281
0 0.703378 0.5 0.0119634 1 0.368896
0 0.7076 0.503086 0.00914849 0.993827 0.360596
0 0.803659 0.5 0.00844476 1 0.67627
0 0.865236 0.496914 0.00774103 0.993827 0.301514
0 0.884588 0.496914 0.00844476 0.993827 0.685547
0 0.935257 0.5 0.00844476 1 0.688965
