0 0.0344828 0.503086 0.00844476 0.993827 0.305664
0 0.33216 0.503086 0.00844476 0.993827 0.327393
0 0.406404 0.5 0.0105559 1 0.624023
0 0.454609 0.5 0.0112597 1 0.719727
0 0.502111 0.5 0.00914849 1 0.614746
0 0.521464 0.503086 0.00844476 0.993827 0.641602
0 0.536242 0.5 0.00844476 1 0.366211
0 0.604504 0.5 0.00844476 1 0.660156
0 0.659747 0.5 0.0105559 1 0.705078
0 0.677692 0.5 0.00844476 1 0.310791
0 0.743139 0.5 0.00985222 1 0.676758
0 0.829697 0.5 0.00844476 0.987654 0.527832
0 0.981351 0.5 0.0105559 1 0.687012
0 0.988037 0.506173 0.00985222 0.987654 0.476074
0 0.992259 0.5 0.00844476 1 0.411865
