0 0.0921886 0.503086 0.00844476 0.993827 0.574707
0 0.319493 0.5 0.00844476 0.987654 0.327148
0 0.378958 0.5 0.0105559 1 0.634766
0 0.389866 0.5 0.00844476 0.987654 0.57959
0 0.415201 0.503086 0.00844476 0.993827 0.446289
0 0.433146 0.5 0.0105559 1 0.675293
0 0.528149 0.5 0.00774103 1 0.405518
0 0.564039 0.503086 0.00914849 0.993827 0.648926
0 0.586911 0.5 0.00844476 1 0.646973
0 0.832864 0.5 0.00914849 0.987654 0.710449
0 0.867699 0.5 0.00985222 1 0.680664
0 0.918015 0.5 0.0105559 1 0.691406
