0 0.102393 0.5 0.00914849 1 0.620605
0 0.565095 0.5 0.0168895 1 0.335449
1 0.565447 0.5 0.0161858 1 0.48291
0 0.589726 0.5 0.00844476 1 0.45874
0 0.714638 0.503086 0.0105559 0.993827 0.591797
0 0.751583 0.503086 0.00844476 0.993827 0.459473
0 0.772343 0.5 0.0119634 1 0.501465
1 0.773047 0.5 0.0133709 1 0.42041
0 0.813512 0.5 0.0126671 1 0.357666
1 0.814567 0.5 0.0161858 1 0.555176
0 0.866643 0.5 0.0133709 1 0.434082
1 0.867347 0.5 0.0147783 1 0.535156
0 0.900422 0.5 0.0119634 1 0.57666
1 0.901126 0.503086 0.0119634 0.981481 0.360107
1 0.972906 0.506173 0.0147783 0.975309 0.34668
0 0.972906 0.5 0.0133709 1 0.494141
