0 0.114708 0.5 0.00985222 1 0.558105
0 0.328994 0.503086 0.0119634 0.993827 0.490723
1 0.330049 0.503086 0.0140746 0.993827 0.402588
0 0.358902 0.5 0.00844476 1 0.39209
0 0.370162 0.503086 0.00844476 0.993827 0.557129
1 0.399718 0.496914 0.018297 0.993827 0.686035
0 0.42822 0.5 0.00914849 1 0.64502
0 0.460591 0.5 0.00774103 1 0.328857
0 0.47361 0.5 0.0126671 1 0.447998
1 0.474314 0.5 0.0168895 0.987654 0.470947
0 0.512667 0.5 0.0105559 0.987654 0.599121
0 0.560873 0.5 0.00985222 1 0.638184
1 0.616467 0.5 0.0168895 1 0.529785
0 0.654117 0.5 0.00914849 1 0.410156
0 0.674877 0.503086 0.00985222 0.993827 0.413574
0 0.710415 0.5 0.0105559 1 0.608887
0 0.724842 0.5 0.0112597 1 0.570312
0 0.795918 0.5 0.00985222 1 0.631836
0 0.890218 0.5 0.00985222 1 0.649902
