1 0.0109078 0.496914 0.0204082 0.993827 0.742188
0 0.0580577 0.5 0.0133709 1 0.387695
1 0.0594652 0.5 0.0147783 0.987654 0.480957
1 0.0932442 0.503086 0.0161858 0.993827 0.577637
0 0.123505 0.503086 0.0105559 0.993827 0.43457
0 0.130542 0.5 0.00914849 0.987654 0.535645
1 0.169951 0.5 0.0175932 1 0.69043
1 0.299085 0.5 0.0295567 1 0.759766
0 0.38107 0.503086 0.0133709 0.993827 0.32666
1 0.381422 0.5 0.0168895 1 0.549805
0 0.509148 0.5 0.0119634 0.987654 0.48877
1 0.51126 0.493827 0.0161858 0.987654 0.501465
0 0.578818 0.503086 0.00914849 0.981481 0.588379
0 0.622801 0.5 0.0126671 1 0.464844
0 0.72273 0.503086 0.00844476 0.993827 0.501953
0 0.797326 0.5 0.00985222 1 0.344971
0 0.868403 0.5 0.00985222 1 0.692871
0 0.881773 0.5 0.00844476 1 0.595703
0 0.944405 0.503086 0.00844476 0.993827 0.571289
0 0.96974 0.5 0.00844476 1 0.327637
0 0.992259 0.503086 0.00985222 0.993827 0.660156
