0 0.00562984 0.503086 0.00844476 0.993827 0.30835
0 0.0672062 0.5 0.00914849 1 0.668945
0 0.0883181 0.5 0.00774103 1 0.35376
0 0.130894 0.5 0.00844476 1 0.683105
0 0.137227 0.5 0.00985222 1 0.34082
0 0.142505 0.5 0.00774103 1 0.400391
0 0.153765 0.5 0.00774103 1 0.567871
0 0.163617 0.496914 0.00774103 0.993827 0.534668
0 0.181914 0.5 0.00914849 1 0.708008
0 0.330401 0.5 0.00914849 1 0.714355
0 0.402533 0.503086 0.00844476 0.993827 0.437744
0 0.477129 0.503086 0.00985222 0.993827 0.528809
0 0.67734 0.5 0.00914849 1 0.630371
