0 0.0232231 0.5 0.00985222 0.987654 0.672852
0 0.0295567 0.496914 0.0126671 0.993827 0.384277
0 0.0344828 0.496914 0.0070373 0.993827 0.369385
0 0.181562 0.496914 0.00844476 0.993827 0.577637
0 0.388107 0.5 0.00914849 1 0.71875
0 0.425053 0.5 0.00985222 1 0.691406
0 0.451443 0.503086 0.00774103 0.993827 0.307373
0 0.460239 0.496914 0.00844476 0.993827 0.523438
0 0.657987 0.5 0.00844476 1 0.326172
0 0.748065 0.5 0.00844476 1 0.325928
0 0.787474 0.5 0.00985222 1 0.717773
0 0.817734 0.5 0.00844476 1 0.537109
0 0.864884 0.5 0.00985222 1 0.708496
0 0.936664 0.5 0.00844476 1 0.570312
