0 0.100281 0.5 0.00914849 1 0.682129
0 0.111893 0.5 0.00844476 1 0.64502
0 0.127727 0.5 0.00914849 1 0.697266
0 0.150246 0.496914 0.00914849 0.993827 0.648438
0 0.219564 0.5 0.00985222 1 0.703613
0 0.251583 0.5 0.0105559 1 0.695801
0 0.426108 0.5 0.00914849 1 0.713379
0 0.449683 0.503086 0.00985222 0.993827 0.625
0 0.469036 0.5 0.00914849 1 0.696777
0 0.486277 0.5 0.00844476 1 0.629883
0 0.524279 0.503086 0.00844476 0.981481 0.612305
0 0.532372 0.5 0.00914849 1 0.396729
0 0.560169 0.5 0.00844476 1 0.411865
