0 0.0774103 0.503086 0.00844476 0.993827 0.394043
0 0.174525 0.5 0.00844476 1 0.54248
0 0.493666 0.5 0.0105559 1 0.679199
0 0.735749 0.5 0.0133709 1 0.422119
1 0.736453 0.5 0.0147783 1 0.518555
0 0.755454 0.503086 0.00914849 0.993827 0.549316
0 0.778325 0.506173 0.00985222 0.987654 0.59668
0 0.803659 0.5 0.00985222 0.987654 0.614258
0 0.826179 0.5 0.00844476 1 0.48877
1 0.846235 0.5 0.0147783 1 0.584473
0 0.873329 0.496914 0.00985222 0.993827 0.615723
0 0.931738 0.5 0.00844476 1 0.30127
0 0.949331 0.5 0.0112597 1 0.532227
1 0.950035 0.5 0.0154821 1 0.443115
