0 0.0418719 0.5 0.00774103 0.987654 0.349609
0 0.0541872 0.5 0.00844476 0.987654 0.345947
0 0.104856 0.5 0.00985222 0.987654 0.452637
0 0.238564 0.496914 0.00985222 0.993827 0.563965
0 0.545039 0.503086 0.00914849 0.993827 0.614746
1 0.557706 0.5 0.0161858 1 0.591309
0 0.558058 0.5 0.0140746 1 0.381104
0 0.593596 0.503086 0.0119634 0.993827 0.402588
1 0.594652 0.5 0.0140746 1 0.359863
0 0.626671 0.5 0.00914849 1 0.678223
0 0.662913 0.5 0.00844476 1 0.531738
0 0.673469 0.503086 0.00985222 0.993827 0.55127
0 0.717101 0.5 0.00985222 0.987654 0.520996
