0 0.0693174 0.5 0.00914849 1 0.703125
0 0.243842 0.5 0.00774103 1 0.506836
0 0.25475 0.496914 0.00844476 0.993827 0.492188
0 0.299789 0.5 0.0112597 1 0.709473
0 0.435609 0.5 0.00844476 1 0.327881
0 0.456721 0.5 0.00844476 1 0.348389
0 0.50563 0.5 0.00914849 1 0.585449
0 0.703378 0.5 0.00914849 1 0.518555
0 0.757917 0.5 0.00844476 1 0.32251
0 0.773751 0.5 0.0105559 1 0.727539
0 0.793103 0.5 0.00844476 1 0.689941
0 0.829697 0.503086 0.00844476 0.993827 0.588379
0 0.873329 0.506173 0.00844476 0.987654 0.414795
