1 0.0387051 0.5 0.0154821 1 0.575195
0 0.0548909 0.5 0.00844476 1 0.514648
0 0.0675581 0.5 0.00844476 0.987654 0.414551
0 0.0918367 0.5 0.0161858 1 0.518066
0 0.112245 0.506173 0.0105559 0.975309 0.377686
0 0.117171 0.5 0.0119634 1 0.535645
0 0.143209 0.5 0.0119634 1 0.42749
0 0.16608 0.503086 0.00844476 0.993827 0.350586
1 0.200211 0.5 0.0147783 0.987654 0.526367
0 0.220619 0.5 0.0105559 0.987654 0.47998
1 0.222379 0.506173 0.0126671 0.987654 0.407227
0 0.286418 0.5 0.00844476 1 0.489014
0 0.299789 0.503086 0.00844476 0.993827 0.311279
0 0.338494 0.5 0.0112597 1 0.635254
0 0.395144 0.503086 0.00914849 0.993827 0.492432
0 0.444757 0.496914 0.00844476 0.993827 0.496826
