0 0.0059817 0.503086 0.00914849 0.969136 0.483154
0 0.108726 0.5 0.00914849 1 0.575684
0 0.214638 0.5 0.0112597 1 0.591309
0 0.273751 0.5 0.00844476 1 0.312988
0 0.284659 0.496914 0.00914849 0.993827 0.581055
0 0.301548 0.506173 0.0105559 0.975309 0.512695
1 0.302252 0.503086 0.0119634 0.981481 0.361572
0 0.319845 0.503086 0.00914849 0.993827 0.593262
0 0.437016 0.5 0.0112597 1 0.582031
0 0.478184 0.5 0.0119634 1 0.553711
1 0.47924 0.503086 0.0154821 0.993827 0.392578
0 0.509148 0.5 0.00914849 1 0.687012
1 0.592189 0.5 0.0161858 1 0.486084
0 0.592189 0.5 0.0133709 1 0.578125
0 0.606615 0.5 0.00844476 1 0.539551
0 0.645672 0.5 0.0119634 1 0.688477
0 0.741379 0.503086 0.00914849 0.993827 0.37085
0 0.76988 0.5 0.00985222 1 0.559082
