0 0.308585 0.503086 0.00914849 0.993827 0.692871
0 0.33392 0.5 0.00914849 1 0.581055
0 0.402182 0.5 0.0105559 1 0.697754
0 0.407108 0.5 0.00914849 0.987654 0.335938
0 0.534835 0.5 0.00844476 1 0.476318
0 0.545391 0.496914 0.00844476 0.993827 0.676758
0 0.622449 0.5 0.00914849 1 0.354492
0 0.644616 0.5 0.00844476 1 0.657227
0 0.66221 0.503086 0.00844476 0.993827 0.495361
0 0.68121 0.5 0.00844476 1 0.479736
0 0.726249 0.5 0.00844476 1 0.365967
0 0.789937 0.496914 0.00914849 0.993827 0.657227
0 0.942646 0.496914 0.0133709 0.993827 0.373779
1 0.944405 0.493827 0.0168895 0.987654 0.505859
