0 0.03605 0.5 0.02247 1
0 0.07182 0.5 0.00844 1
0 0.092 0.5 0.01646 1
0 0.12374 0.5 0.00864 1
0 0.13431 0.5 0.0063 1
0 0.14648 0.5 0.0068 1
0 0.20307 0.5 0.00771 1
0 0.22793 0.5 0.00675 1
0 0.26812 0.5 0.00857 1
0 0.45954 0.5 0.00717 1
0 0.6541 0.5 0.00921 1
0 0.44757 0.5 0.00582 1
0 0.69262 0.5 0.00413 1
0 0.97303 0.5 0.00577 1
0 0.9794 0.5 0.00589 1
0 0.98965 0.5 0.0085 1
0 0.4201 0.5 0.00699 1
0 0.54062 0.5 0.00717 1
0 0.05316 0.5 0.00691 1
0 0.31367 0.5 0.00871 1
0 0.29184 0.5 0.00814 1
0 0.34324 0.5 0.00797 1
