0 0.92636 0.5 0.00735 1
0 0.66394 0.5 0.00816 1
0 0.64476 0.5 0.01061 1
0 0.88922 0.5 0.0049 1
0 0.80923 0.5 0.00816 1
0 0.0089 0.5 0.00735 1
0 0.15052 0.5 0.00816 1
0 0.31826 0.5 0.00571 1
0 0.44886 0.5 0.00408 1
0 0.62966 0.5 0.00653 1
0 0.57333 0.5 0.0049 1
0 0.60394 0.5 0.00571 1
0 0.94758 0.5 0.00408 1
0 0.48232 0.5 0.00735 1
0 0.54395 0.5 0.00816 1
0 0.53334 0.5 0.00653 1
0 0.52477 0.5 0.00735 1
0 0.50763 0.5 0.01061 1
0 0.39131 0.5 0.00653 1
0 0.27296 0.5 0.00816 1
0 0.16195 0.5 0.00653 1
0 0.05706 0.5 0.00735 1
0 0.69291 0.5 0.00571 1
0 0.75781 0.5 0.0049 1
0 0.21704 0.5 0.00571 1
0 0.25908 0.5 0.00816 1
