0 0.05245 0.5 0.00404 1
0 0.22646 0.5 0.00641 1
0 0.3143 0.5 0.00831 1
0 0.3224 0.5 0.00665 1
0 0.34638 0.5 0.0057 1
0 0.47984 0.5 0.00451 1
0 0.48909 0.5 0.00641 1
0 0.54951 0.5 0.0057 1
0 0.60162 0.5 0.00594 1
0 0.68927 0.5 0.00831 1
0 0.69948 0.5 0.00546 1
0 0.71099 0.5 0.0038 1
0 0.74268 0.5 0.00546 1
0 0.80286 0.5 0.00997 1
0 0.85646 0.5 0.00546 1
0 0.87486 0.5 0.00617 1
0 0.89421 0.5 0.00404 1
0 0.91213 0.5 0.0057 1
0 0.92614 0.5 0.00522 1
0 0.95795 0.5 0.00665 1
0 0.97041 0.5 0.00451 1
0 0.99095 0.5 0.0057 1
