0 0.11012 0.5 0.00408 1
0 0.15297 0.5 0.0049 1
0 0.16113 0.5 0.0049 1
0 0.17052 0.5 0.00571 1
0 0.18358 0.5 0.00735 1
0 0.1946 0.5 0.0049 1
0 0.3003 0.5 0.00571 1
0 0.33173 0.5 0.00653 1
0 0.36682 0.5 0.00653 1
0 0.35336 0.5 0.00571 1
0 0.34193 0.5 0.00571 1
0 0.27418 0.5 0.00571 1
0 0.64394 0.5 0.00571 1
0 0.63292 0.5 0.00653 1
0 0.87616 0.5 0.01143 1
0 0.91738 0.5 0.00571 1
0 0.86106 0.5 0.00571 1
0 0.48559 0.5 0.00571 1
0 0.4562 0.5 0.00571 1
0 0.43294 0.5 0.00653 1
0 0.60476 0.5 0.00571 1
