0 -0.00015 0.5 0.01295 1
0 0.0741 0.5 0.00762 1
0 0.16778 0.5 0.00914 1
0 0.21957 0.5 0.01219 1
0 0.28697 0.5 0.01142 1
0 0.3083 0.5 0.00838 1
0 0.31706 0.5 0.00762 1
0 0.5067 0.5 0.01066 1
0 0.71424 0.5 0.00838 1
0 0.96519 0.5 0.00762 1
0 0.94844 0.5 0.00762 1
0 0.93854 0.5 0.00914 1
0 0.90084 0.5 0.00838 1
0 0.86771 0.5 0.00914 1
0 0.83457 0.5 0.01142 1
0 0.84866 0.5 0.00914 1
0 0.80944 0.5 0.01447 1
0 0.78926 0.5 0.01523 1
0 0.60038 0.5 0.00914 1
0 0.75803 0.5 0.00762 1
0 0.32544 0.5 0.00914 1
0 0.66778 0.5 0.00838 1
