0 0.04196 0.5 0.01143 1
0 0.15297 0.5 0.00979 1
0 0.23092 0.5 0.01061 1
0 0.29336 0.5 0.00816 1
0 0.4358 0.5 0.00735 1
0 0.5113 0.5 0.00816 1
0 0.49416 0.5 0.00653 1
0 0.5015 0.5 0.0049 1
0 0.53293 0.5 0.00571 1
0 0.54844 0.5 0.00735 1
0 0.57497 0.5 0.00653 1
0 0.657 0.5 0.00735 1
0 0.7676 0.5 0.01306 1
0 0.81127 0.5 0.00898 1
0 0.86473 0.5 0.00816 1
0 0.87167 0.5 0.00735 1
0 0.90146 0.5 0.00653 1
0 0.93575 0.5 0.00653 1
0 0.94228 0.5 0.00653 1
0 0.9688 0.5 0.00898 1
0 0.52191 0.5 0.01143 1
