0 0.38846 0.5 0.00735 1
0 0.40152 0.5 0.00735 1
0 0.41458 0.5 0.00898 1
0 0.63945 0.5 0.00653 1
0 0.63129 0.5 0.01306 1
0 0.74148 0.5 0.00653 1
0 0.77699 0.5 0.00571 1
0 0.94595 0.5 0.00735 1
0 0.81984 0.5 0.00653 1
0 0.86963 0.5 0.00653 1
0 0.80025 0.5 0.00653 1
0 0.72352 0.5 0.00653 1
0 0.70761 0.5 0.00735 1
0 0.65373 0.5 0.00408 1
0 0.66353 0.5 0.00571 1
0 0.68679 0.5 0.00979 1
0 0.58517 0.5 0.00571 1
0 0.46355 0.5 0.00571 1
0 0.49783 0.5 0.01388 1
0 0.53375 0.5 0.00898 1
0 0.47457 0.5 0.00653 1
0 0.30724 0.5 0.00816 1
0 0.32969 0.5 0.00735 1
0 0.29744 0.5 0.01306 1
0 0.23704 0.5 0.00653 1
0 0.0693 0.5 0.00571 1
0 0.27296 0.5 0.00816 1
0 0.96391 0.5 0.00898 1
