0 0.06429 0.5 0.00937 1
0 0.14403 0.5 0.00894 1
0 0.04749 0.5 0.00791 1
0 0.72295 0.5 0.00958 1
0 0.77022 0.5 0.00892 1
0 0.55325 0.5 0.00638 1
0 0.67507 0.5 0.0073 1
0 0.81452 0.5 0.00803 1
0 0.46295 0.5 0.00597 1
0 0.37715 0.5 0.00743 1
0 0.29913 0.5 0.00743 1
0 0.35658 0.5 0.00725 1
0 0.25962 0.5 0.00659 1
0 0.24231 0.5 0.00762 1
0 0.03088 0.5 0.00657 1
0 0.01563 0.5 0.00645 1
0 0.18454 0.5 0.00616 1
0 0.23099 0.5 0.00928 1
0 0.20397 0.5 0.00716 1
0 0.84601 0.5 0.0078 1
0 0.62927 0.5 0.00764 1
0 0.83001 0.5 0.00585 1
0 0.49998 0.5 0.00758 1
0 0.43431 0.5 0.00719 1
0 0.28702 0.5 0.00719 1
