0 0.01788 0.5 0.00921 1
0 0.07544 0.5 0.00829 1
0 0.95279 0.5 0.01105 1
0 0.90536 0.5 0.01197 1
0 0.87496 0.5 0.01013 1
0 0.51665 0.5 0.01197 1
0 0.30618 0.5 0.01105 1
0 0.16065 0.5 0.01474 1
0 0.21131 0.5 0.00921 1
0 0.27947 0.5 0.00921 1
0 0.59771 0.5 0.00461 1
0 0.58804 0.5 0.00921 1
0 0.7239 0.5 0.00645 1
0 0.76627 0.5 0.01013 1
0 0.29881 0.5 0.01105 1
0 0.61199 0.5 0.00553 1
0 0.62028 0.5 0.00737 1
0 0.57468 0.5 0.00829 1
0 0.48764 0.5 0.00921 1
0 0.38079 0.5 0.00737 1
0 0.9947 0.5 0.01197 1
