0 0.04074 0.5 0.01224 1
0 0.11461 0.5 0.00979 1
0 0.29744 0.5 0.00979 1
0 0.6623 0.5 0.00653 1
0 0.6321 0.5 0.00979 1
0 0.62108 0.5 0.00571 1
0 0.86759 0.5 0.00898 1
0 0.9737 0.5 0.00735 1
0 0.446 0.5 0.00816 1
0 0.13542 0.5 0.00735 1
0 0.23337 0.5 0.00898 1
0 0.22398 0.5 0.00653 1
0 0.17419 0.5 0.01143 1
0 0.36601 0.5 0.00653 1
0 0.52436 0.5 0.00653 1
0 0.47539 0.5 0.00653 1
0 0.51171 0.5 0.00571 1
0 0.4962 0.5 0.00735 1
0 0.48518 0.5 0.00653 1
0 0.54517 0.5 0.00735 1
0 0.42804 0.5 0.00653 1
