0 0.99288 0.5 0.0049 1
0 0.98309 0.5 0.0049 1
0 0.74311 0.5 0.0049 1
0 0.83086 0.5 0.00571 1
0 0.67741 0.5 0.01061 1
0 0.65945 0.5 0.00735 1
0 0.60394 0.5 0.00735 1
0 0.53538 0.5 0.00735 1
0 0.52109 0.5 0.0049 1
0 0.50926 0.5 0.00571 1
0 0.50232 0.5 0.00979 1
0 0.4558 0.5 0.00979 1
0 0.40641 0.5 0.01061 1
0 0.33254 0.5 0.00653 1
0 0.23296 0.5 0.01143 1
0 0.21623 0.5 0.00571 1
0 0.0338 0.5 0.0049 1
0 0.81902 0.5 0.00816 1
0 0.91861 0.5 0.0049 1
0 0.97493 0.5 0.00653 1
0 0.87126 0.5 0.00816 1
0 0.8582 0.5 0.00816 1
0 0.75291 0.5 0.0049 1
0 0.07665 0.5 0.00408 1
0 0.08563 0.5 0.00571 1
