0 0.03384 0.5 0.00807 1
0 0.01055 0.5 0.008 1
0 0.89338 0.5 0.00834 1
0 0.85759 0.5 0.01185 1
0 0.57369 0.5 0.00852 1
0 0.58828 0.5 0.00876 1
0 0.41499 0.5 0.00571 1
0 0.42606 0.5 0.00686 1
0 0.40363 0.5 0.00735 1
0 0.17647 0.5 0.00787 1
0 0.24699 0.5 0.01014 1
0 0.26784 0.5 0.00785 1
0 0.27899 0.5 0.00688 1
0 0.28684 0.5 0.00714 1
0 0.34592 0.5 0.01111 1
0 0.31674 0.5 0.00771 1
0 0.80939 0.5 0.00966 1
0 0.9512 0.5 0.00853 1
0 0.77251 0.5 0.01351 1
0 0.11687 0.5 0.01192 1
0 0.15325 0.5 0.008 1
