0 0.04138 0.5 0.00631 1
0 0.08375 0.5 0.00451 1
0 0.09501 0.5 0.00901 1
0 0.11574 0.5 0.00361 1
0 0.1545 0.5 0.00721 1
0 0.18605 0.5 0.00361 1
0 0.20453 0.5 0.00631 1
0 0.22752 0.5 0.00721 1
0 0.26312 0.5 0.00631 1
0 0.30549 0.5 0.00992 1
0 0.33433 0.5 0.00992 1
0 0.3749 0.5 0.00811 1
0 0.42267 0.5 0.00451 1
0 0.46323 0.5 0.00631 1
0 0.9252 0.5 0.00721 1
0 0.82199 0.5 0.00631 1
0 0.79044 0.5 0.00992 1
0 0.94773 0.5 0.00901 1
0 0.56644 0.5 0.00541 1
0 0.51867 0.5 0.00541 1
0 0.92655 0.5 0.00631 1
