0 0.06563 0.5 0.00979 1
0 0.10726 0.5 0.00816 1
0 0.14766 0.5 0.00735 1
0 0.1546 0.5 0.00653 1
0 0.15991 0.5 0.00571 1
0 0.16685 0.5 0.00653 1
0 0.17338 0.5 0.00653 1
0 0.1795 0.5 0.00571 1
0 0.1848 0.5 0.00653 1
0 0.23541 0.5 0.0049 1
0 0.24112 0.5 0.0049 1
0 0.31785 0.5 0.00653 1
0 0.35417 0.5 0.00571 1
0 0.37009 0.5 0.00653 1
0 0.51375 0.5 0.00816 1
0 0.53089 0.5 0.00816 1
0 0.58109 0.5 0.01061 1
0 0.61823 0.5 0.00653 1
0 0.69577 0.5 0.00816 1
0 0.74311 0.5 0.00816 1
0 0.7929 0.5 0.01306 1
0 0.87167 0.5 0.01061 1
0 0.91534 0.5 0.00979 1
0 0.93003 0.5 0.00653 1
0 0.94146 0.5 0.00816 1
0 0.95574 0.5 0.00898 1
0 0.99084 0.5 0.01061 1
