0 0.11369 0.5 0.00826 1
0 0.33086 0.5 0.0065 1
0 0.08308 0.5 0.00901 1
0 0.34212 0.5 0.00739 1
0 0.23823 0.5 0.00566 1
0 0.37421 0.5 0.00925 1
0 0.61229 0.5 0.00852 1
0 0.80317 0.5 0.00665 1
0 0.81439 0.5 0.00795 1
0 0.64187 0.5 0.00673 1
0 0.69253 0.5 0.00884 1
0 0.72383 0.5 0.0063 1
0 0.83279 0.5 0.00593 1
0 0.93311 0.5 0.0066 1
0 0.91671 0.5 0.00611 1
0 0.75383 0.5 0.00899 1
0 0.77041 0.5 0.00779 1
0 0.9846 0.5 0.01047 1
0 0.07292 0.5 0.00593 1
0 0.5591 0.5 0.00593 1
0 0.84868 0.5 0.00647 1
0 0.50426 0.5 0.00826 1
0 0.48897 0.5 0.00639 1
0 0.89268 0.5 0.00481 1
0 0.90109 0.5 0.00579 1
