0 0.07554 0.5 0.00769 1
0 0.09371 0.5 0.00559 1
0 0.10157 0.5 0.00594 1
0 0.20519 0.5 0.00559 1
0 0.23367 0.5 0.00664 1
0 0.26162 0.5 0.00804 1
0 0.27717 0.5 0.00909 1
0 0.32016 0.5 0.00699 1
0 0.33571 0.5 0.00664 1
0 0.44456 0.5 0.00594 1
0 0.58568 0.5 0.00629 1
0 0.61853 0.5 0.00769 1
0 0.63565 0.5 0.01118 1
0 0.71777 0.5 0.01328 1
0 0.73088 0.5 0.00804 1
0 0.75946 0.5 0.00909 1
0 0.77169 0.5 0.00909 1
0 0.82132 0.5 0.01188 1
0 0.84246 0.5 0.00804 1
0 0.85312 0.5 0.00909 1
0 0.86919 0.5 0.01118 1
0 0.90746 0.5 0.00804 1
0 0.94957 0.5 0.00629 1
0 0.473 0.5 0.01293 1
0 0.65512 0.5 0.01712 1
0 0.68706 0.5 0.01223 1
