0 0.09706 0.5 0.00571 1
0 0.20766 0.5 0.00816 1
0 0.2803 0.5 0.00979 1
0 0.89208 0.5 0.01224 1
0 0.38519 0.5 0.00898 1
0 0.35213 0.5 0.00816 1
0 0.67577 0.5 0.00898 1
0 0.87616 0.5 0.00816 1
0 0.93656 0.5 0.00979 1
0 0.52436 0.5 0.0049 1
0 0.75454 0.5 0.00816 1
0 0.59701 0.5 0.00653 1
0 0.48722 0.5 0.00735 1
0 0.44886 0.5 0.00735 1
0 0.43253 0.5 0.00735 1
0 0.2901 0.5 0.00816 1
0 0.57578 0.5 0.00816 1
0 0.96347 0.5 0.00571 1
0 0.91531 0.5 0.00898 1
0 0.72186 0.5 0.01224 1
0 0.30272 0.5 0.01306 1
