0 0.00972 0.5 0.00408 1
0 0.04563 0.5 0.00735 1
0 0.05992 0.5 0.00979 1
0 0.08849 0.5 0.0049 1
0 0.09951 0.5 0.00571 1
0 0.1093 0.5 0.00735 1
0 0.12154 0.5 0.00571 1
0 0.17215 0.5 0.00571 1
0 0.1444 0.5 0.00898 1
0 0.15827 0.5 0.00735 1
0 0.21419 0.5 0.00653 1
0 0.23378 0.5 0.00653 1
0 0.23949 0.5 0.0049 1
0 0.26031 0.5 0.00898 1
0 0.3354 0.5 0.00571 1
0 0.31336 0.5 0.00571 1
0 0.28887 0.5 0.00571 1
0 0.37254 0.5 0.00653 1
0 0.3905 0.5 0.0049 1
0 0.40396 0.5 0.00735 1
0 0.42641 0.5 0.00653 1
0 0.47294 0.5 0.0049 1
0 0.5015 0.5 0.0049 1
0 0.52477 0.5 0.00571 1
0 0.70108 0.5 0.00571 1
0 0.71373 0.5 0.0049 1
0 0.7774 0.5 0.00653 1
0 0.81168 0.5 0.00653 1
0 0.78719 0.5 0.00653 1
0 0.68312 0.5 0.00735 1
0 0.66435 0.5 0.00571 1
0 0.96391 0.5 0.00571 1
