0 0.02555 0.5 0.00496 1
0 0.05385 0.5 0.00397 1
0 0.08115 0.5 0.00695 1
0 0.10746 0.5 0.00397 1
0 0.12732 0.5 0.00397 1
0 0.36015 0.5 0.00496 1
0 0.38249 0.5 0.00596 1
0 0.33185 0.5 0.00596 1
0 0.53191 0.5 0.00496 1
0 0.67205 0.5 0.00447 1
0 0.68278 0.5 0.00447 1
0 0.75471 0.5 0.00357 1
0 0.77288 0.5 0.00525 1
0 0.78339 0.5 0.00525 1
0 0.78865 0.5 0.00525 1
0 0.81361 0.5 0.00613 1
0 0.83813 0.5 0.00438 1
0 0.89812 0.5 0.00525 1
0 0.92177 0.5 0.00525 1
0 0.96074 0.5 0.00438 1
