0 0.93454 0.5 0.00745 1
0 0.89767 0.5 0.0067 1
0 0.87794 0.5 0.01043 1
0 0.8582 0.5 0.00521 1
0 0.77032 0.5 0.0067 1
0 0.71335 0.5 0.00745 1
0 0.65563 0.5 0.00819 1
0 0.60685 0.5 0.00745 1
0 0.58488 0.5 0.00819 1
0 0.54727 0.5 0.00894 1
0 0.52642 0.5 0.00745 1
0 0.4646 0.5 0.00596 1
0 0.42625 0.5 0.01117 1
0 0.41321 0.5 0.00447 1
0 0.35661 0.5 0.00596 1
0 0.33911 0.5 0.0067 1
0 0.32384 0.5 0.00447 1
0 0.31454 0.5 0.0067 1
0 0.24676 0.5 0.00521 1
0 0.13729 0.5 0.0067 1
0 0.0885 0.5 0.00596 1
0 0.02222 0.5 0.00596 1
0 0.01589 0.5 0.00819 1
