0 0.98839 0.5 0.0109 1
0 0.89528 0.5 0.00891 1
0 0.84724 0.5 0.00991 1
0 0.7462 0.5 0.00991 1
0 0.9458 0.5 0.0109 1
0 0.71436 0.5 0.00991 1
0 0.69752 0.5 0.01189 1
0 0.67622 0.5 0.00693 1
0 0.66532 0.5 0.01288 1
0 0.57766 0.5 0.01387 1
0 0.56425 0.5 0.0109 1
0 0.53304 0.5 0.00991 1
0 0.48698 0.5 0.0109 1
0 0.35722 0.5 0.01288 1
0 0.46767 0.5 0.00991 1
0 0.17941 0.5 0.00891 1
0 0.16703 0.5 0.00991 1
0 0.06946 0.5 0.00892 1
0 0.03479 0.5 0.00892 1
0 0.13879 0.5 0.01153 1
0 0.63436 0.5 0.00792 1
