0 0.03104 0.5 0.008 1
0 0.11504 0.5 0.01164 1
0 0.16776 0.5 0.01091 1
0 0.1834 0.5 0.01018 1
0 0.20231 0.5 0.00873 1
0 0.22158 0.5 0.00945 1
0 0.39758 0.5 0.01091 1
0 0.47685 0.5 0.008 1
0 0.56304 0.5 0.01164 1
0 0.58085 0.5 0.01236 1
0 0.61467 0.5 0.01309 1
0 0.62885 0.5 0.01236 1
0 0.6714 0.5 0.01018 1
0 0.655 0.5 0.00793 1
0 0.64417 0.5 0.00937 1
0 0.72082 0.5 0.00945 1
0 0.77718 0.5 0.00873 1
0 0.79609 0.5 0.01018 1
0 0.80555 0.5 0.00873 1
0 0.81827 0.5 0.008 1
0 0.97945 0.5 0.00735 1
