     0/399    0.455G    0.1069    0.4034   0.02347    0.5337        12      1184    0.0738    0.2954   0.04808   0.01047    0.1187    0.3031   0.02175
     1/399     2.19G   0.08963    0.3617   0.01705    0.4683        10      1184   0.04042    0.1631   0.03391   0.00668    0.1004    0.3354   0.01686
     2/399     2.19G   0.08818    0.3523   0.01637    0.4569        11      1184    0.5535    0.1045   0.04057  0.007869    0.1046    0.3084   0.01674
     3/399     2.19G   0.08101    0.3548   0.01637    0.4521        10      1184    0.1892    0.6865    0.2763   0.08965   0.07477    0.3089   0.01638
     4/399     2.19G   0.07423    0.3244   0.01584    0.4145        11      1184       0.2    0.5947    0.2907   0.09716   0.06902    0.3053   0.01621
     5/399     2.19G   0.06939    0.3128    0.0158     0.398        11      1184    0.2497    0.5309    0.3089   0.09475   0.06538    0.3379     0.016
     6/399     2.19G   0.06798    0.3026   0.01576    0.3864        10      1184    0.2433    0.5821    0.3246    0.1079   0.06442    0.3001   0.01578
     7/399     2.19G   0.06582    0.2939   0.01561    0.3754        12      1184    0.2955    0.5344    0.3304    0.1094    0.0703     0.299   0.01569
     8/399     2.19G   0.06427    0.2955   0.01531     0.375         8      1184    0.2713    0.5511    0.3436    0.1099   0.06215    0.3227   0.01543
     9/399     2.19G   0.06298    0.2944   0.01549    0.3728         9      1184    0.3222    0.6498    0.3803    0.1366   0.06552    0.2875   0.01535
    10/399     2.19G   0.06302    0.2963   0.01528    0.3746        11      1184    0.3173    0.6592    0.3826    0.1444   0.06146     0.334    0.0152
    11/399     2.19G   0.06219    0.2924   0.01539      0.37        11      1184    0.3255    0.5998    0.3837    0.1275   0.06322    0.3358   0.01515
    12/399     2.19G   0.06105    0.2896   0.01496    0.3656        12      1184    0.4011    0.6416    0.4335    0.1593   0.06021    0.3107   0.01457
    13/399     2.19G   0.06084    0.2957    0.0147    0.3713        11      1184    0.3884    0.6763    0.4394    0.1649    0.0615      0.32    0.0146
    14/399     2.19G   0.06074     0.291   0.01479    0.3665         7      1184    0.4336    0.6369    0.4915    0.1894   0.06072    0.3209   0.01421
    15/399     2.19G   0.05918    0.2867   0.01448    0.3604        10      1184     0.424    0.6704    0.4961    0.1949   0.06074    0.3603   0.01391
    16/399     2.19G   0.05921    0.2909   0.01417    0.3643        12      1184    0.4247    0.7198     0.529    0.2002    0.0587    0.3536   0.01338
    17/399     2.19G   0.05948    0.2824   0.01366    0.3555        11      1184    0.5131     0.635      0.56    0.2233   0.05886    0.3572   0.01283
    18/399     2.19G   0.05837    0.2862   0.01335    0.3579         9      1184    0.5406    0.6729    0.5974    0.2428    0.0585    0.3555   0.01226
    19/399     2.19G   0.05816    0.2876   0.01316    0.3589        10      1184    0.5986    0.6558    0.6177    0.2605   0.05757    0.3228   0.01223
    20/399     2.19G   0.05819    0.2818   0.01267    0.3527        11      1184    0.6432    0.5955    0.6282    0.2488   0.05688    0.3189   0.01131
    21/399     2.19G   0.05688    0.2871   0.01233    0.3563        12      1184    0.6404    0.6294    0.6257    0.2585   0.05652    0.3095   0.01084
    22/399     2.19G   0.05741     0.284   0.01192    0.3533        11      1184    0.6094    0.6129    0.6173     0.283   0.05614     0.317   0.01096
    23/399     2.19G   0.05629    0.2856   0.01198    0.3538         7      1184    0.6143    0.6718    0.6524    0.2945   0.05525    0.3186   0.01074
    24/399     2.19G   0.05747    0.2836     0.012     0.353        11      1184     0.611    0.6633    0.6566    0.3006   0.05582    0.3161   0.01041
    25/399     2.19G   0.05675    0.2852   0.01149    0.3535        12      1184    0.6532    0.6474    0.6582    0.2852   0.05531     0.366   0.01046
    26/399     2.19G   0.05662    0.2856    0.0117    0.3539        10      1184    0.6304    0.6359    0.6229    0.2435   0.05732    0.3784   0.01073
    27/399     2.19G   0.05558    0.2839   0.01153     0.351         6      1184    0.6133    0.6825     0.661    0.3015    0.0559    0.3373   0.01025
    28/399     2.19G   0.05601    0.2853   0.01127    0.3526         7      1184    0.6494    0.6513    0.6569    0.2607   0.05524    0.3624   0.01053
    29/399     2.19G    0.0556    0.2863   0.01134    0.3533        12      1184    0.6261    0.6807    0.6658    0.2965   0.05458    0.3452   0.01014
    30/399     2.19G   0.05641    0.2803   0.01117    0.3479         9      1184    0.6292    0.6913    0.6754    0.2905   0.05461    0.3479  0.009956
    31/399     2.19G   0.05526    0.2847   0.01098     0.351        12      1184    0.6688    0.6877    0.6842    0.3049   0.05573    0.3576    0.0106
    32/399     2.19G   0.05574    0.2822   0.01127    0.3492        12      1184    0.6298    0.6652    0.6704    0.3079   0.05569    0.3603      0.01
    33/399     2.19G   0.05513    0.2814   0.01092    0.3475        10      1184    0.6781    0.6697    0.6969    0.3164   0.05451    0.3398  0.009812
    34/399     2.19G   0.05481    0.2833   0.01087     0.349         9      1184    0.6859    0.6289    0.6711    0.2881   0.05408    0.3446  0.009997
    35/399     2.19G   0.05452    0.2813   0.01084    0.3466        11      1184    0.6321     0.677    0.6751    0.3146   0.05466     0.339  0.009886
    36/399     2.19G   0.05529    0.2797   0.01092    0.3459        12      1184     0.656    0.6904    0.6883    0.3017   0.05422    0.3267  0.009587
    37/399     2.19G   0.05484     0.282   0.01064    0.3475        10      1184    0.6453    0.6697    0.6807     0.294   0.05341    0.3358  0.009731
    38/399     2.19G   0.05452    0.2808   0.01084    0.3461        11      1184    0.6549    0.6661    0.6835    0.3295   0.05341     0.335  0.009713
    39/399     2.19G   0.05471    0.2825   0.01068    0.3479        11      1184    0.6671    0.6775    0.6886     0.312   0.05321     0.321  0.009701
    40/399     2.19G   0.05451    0.2818   0.01082    0.3472        11      1184    0.6681    0.6827    0.6979    0.3292   0.05279    0.3045  0.009361
    41/399     2.19G    0.0536    0.2855   0.01067    0.3497        12      1184     0.653    0.6723    0.6787     0.317   0.05291    0.3297   0.00976
    42/399     2.19G   0.05376    0.2814    0.0107    0.3459        10      1184    0.6418     0.704    0.6923     0.329   0.05298     0.337  0.009499
    43/399     2.19G   0.05401    0.2814   0.01066     0.346         9      1184    0.6442    0.6994    0.6928    0.3275   0.05319    0.3088  0.009416
    44/399     2.19G   0.05388    0.2806   0.01062    0.3451        12      1184    0.6302    0.6891    0.6782    0.2983    0.0538    0.3195  0.009668
    45/399     2.19G   0.05369    0.2838   0.01044    0.3479        10      1184    0.6921    0.6634    0.6911    0.3304   0.05244    0.3542  0.009548
    46/399     2.19G   0.05345    0.2796   0.01051    0.3436        12      1184    0.6552     0.678    0.6843    0.2922   0.05285    0.2974  0.009722
    47/399     2.19G   0.05362    0.2817   0.01028    0.3456        12      1184     0.657    0.7072     0.709    0.3376   0.05311    0.3516  0.009341
    48/399     2.19G   0.05412    0.2817   0.01028    0.3461        10      1184    0.6751    0.6809    0.7045    0.3288    0.0529    0.3271  0.009162
    49/399     2.19G    0.0533    0.2789   0.01026    0.3425        10      1184    0.6578    0.7176    0.7077      0.33   0.05345    0.3274  0.008948
    50/399     2.19G   0.05384    0.2787   0.01032    0.3429        12      1184     0.655     0.705    0.7055    0.3346   0.05318    0.3071  0.009067
    51/399     2.19G   0.05284    0.2814   0.01042    0.3447        12      1184    0.6598    0.7078    0.7092    0.3284   0.05262    0.3161  0.009199
    52/399     2.19G   0.05313    0.2793   0.01037    0.3428        12      1184    0.6732    0.6681    0.6968    0.3262   0.05279    0.3323  0.009342
    53/399     2.19G   0.05333    0.2797   0.01021    0.3432         9      1184    0.7003    0.6529    0.7054    0.3327   0.05304    0.3868  0.009211
    54/399     2.19G   0.05297    0.2795   0.01023    0.3427         9      1184    0.6629    0.6921    0.6974    0.3182   0.05216    0.3352  0.009157
    55/399     2.19G   0.05261    0.2798   0.01027    0.3427        11      1184    0.7024    0.6761    0.7178    0.3373   0.05273    0.3246  0.008971
    56/399     2.19G   0.05303      0.28   0.01025    0.3433         9      1184    0.6676    0.6785    0.7008    0.3307   0.05258    0.2966  0.009438
    57/399     2.19G   0.05281    0.2791   0.01012     0.342        11      1184    0.6807    0.6846    0.7068    0.3446   0.05221    0.3112  0.009088
    58/399     2.19G   0.05237    0.2782  0.009992    0.3405        10      1184    0.7042    0.6814    0.7126    0.3288   0.05186    0.3302  0.009054
    59/399     2.19G   0.05256    0.2794   0.01013    0.3421        12      1184    0.6345    0.7313    0.7045    0.3323   0.05286    0.3687  0.009214
    60/399     2.19G   0.05307    0.2766   0.01022    0.3399        12      1184    0.6688     0.686    0.7012    0.3256   0.05196    0.3547  0.009289
    61/399     2.19G   0.05309    0.2795  0.009878    0.3425        12      1184    0.6675    0.7162    0.7167    0.3412   0.05237    0.3095  0.008982
    62/399     2.19G    0.0525    0.2813   0.01024    0.3441        11      1184    0.6847    0.6617    0.7042    0.3122     0.053    0.3914  0.009393
    63/399     2.19G   0.05231    0.2809  0.009962    0.3432        11      1184    0.7022    0.6757    0.7196    0.3399   0.05262    0.3077  0.008998
    64/399     2.19G   0.05275    0.2778   0.01004    0.3406        10      1184    0.6939     0.687    0.7118    0.3414   0.05253    0.3479  0.009131
    65/399     2.19G   0.05254     0.278   0.01014    0.3407        11      1184    0.6635     0.701    0.7113    0.3377   0.05157    0.3247   0.00917
    66/399     2.19G   0.05205     0.279   0.01002     0.341        12      1184    0.6513     0.704    0.7001      0.32   0.05132    0.3252  0.009225
    67/399     2.19G   0.05199    0.2795    0.0101    0.3416        10      1184    0.6745    0.7046    0.7105    0.3465   0.05176    0.3277  0.009148
    68/399     2.19G    0.0519    0.2808   0.01018    0.3429        12      1184    0.6912    0.6693    0.6996    0.3185    0.0516    0.3436  0.009085
    69/399     2.19G   0.05226    0.2786  0.009776    0.3406        11      1184    0.6944    0.6778     0.716    0.3389   0.05162    0.3323  0.008903
    70/399     2.19G   0.05261    0.2777   0.01011    0.3404        10      1184    0.6877     0.697    0.7179    0.3408   0.05156    0.3173  0.008984
    71/399     2.19G   0.05214     0.279  0.009934    0.3411        11      1184    0.6844    0.6773    0.7008    0.3314   0.05146    0.3071  0.009415
    72/399     2.19G   0.05203    0.2769  0.009977    0.3389        11      1184    0.6965    0.6837    0.7187    0.3374   0.05209    0.3279  0.008924
    73/399     2.19G   0.05212    0.2786  0.009835    0.3405        10      1184    0.6723    0.7041    0.7131    0.3322    0.0524    0.3665  0.009014
    74/399     2.19G   0.05203    0.2774    0.0099    0.3393        10      1184     0.724     0.657    0.7157    0.3417   0.05144    0.3061   0.00894
    75/399     2.19G   0.05118    0.2789  0.009938      0.34        12      1184     0.692    0.6753    0.7162    0.3416   0.05122    0.3345  0.008948
    76/399     2.19G   0.05184    0.2773   0.01012    0.3393        12      1184    0.7149    0.6665    0.7186    0.3246   0.05186    0.3376  0.008843
    77/399     2.19G   0.05115     0.279  0.009766    0.3399         9      1184     0.663    0.7186    0.7154    0.3444   0.05219    0.3184  0.008814
    78/399     2.19G   0.05157    0.2807  0.009714     0.342        11      1184    0.7025    0.6741    0.7148    0.3436    0.0524    0.3353  0.008974
    79/399     2.19G    0.0514    0.2776  0.009542    0.3386        11      1184     0.689    0.6686    0.7058    0.3343   0.05135    0.3286  0.009074
    80/399     2.19G   0.05189    0.2776  0.009883    0.3393        10      1184    0.6975    0.6719    0.7069    0.3385   0.05192    0.3183  0.008909
    81/399     2.19G   0.05193    0.2787  0.009689    0.3404        12      1184    0.6629    0.7057    0.7057    0.3479   0.05232    0.3317   0.00909
    82/399     2.19G   0.05164    0.2763  0.009947    0.3379        10      1184    0.6444    0.7202    0.7055    0.3377   0.05271    0.3655  0.009035
    83/399     2.19G   0.05138    0.2766  0.009801    0.3378        12      1184    0.6492    0.7321    0.7147    0.3374   0.05105     0.346  0.008899
    84/399     2.19G   0.05138    0.2785  0.009894    0.3397        11      1184    0.6467    0.7198    0.7039    0.3404   0.05194    0.3357  0.009062
    85/399     2.19G   0.05172    0.2754  0.009716    0.3368         9      1184    0.6867    0.6932    0.7157    0.3429    0.0512    0.3289  0.008795
    86/399     2.19G   0.05178    0.2785  0.009622    0.3399        10      1184    0.6286    0.7317    0.7039     0.339    0.0512     0.325  0.009127
    87/399     2.19G   0.05206    0.2798  0.009822    0.3417        11      1184    0.6463    0.7134    0.7038    0.3252   0.05183    0.3404  0.008934
    88/399     2.19G   0.05157    0.2787      0.01    0.3403        11      1184    0.6252    0.7232    0.7017    0.3366   0.05127    0.3337  0.009074
    89/399     2.19G   0.05161    0.2752  0.009722    0.3365         7      1184     0.642     0.731    0.7091     0.334    0.0513    0.3539  0.008861
    90/399     2.19G   0.05119    0.2765   0.01007    0.3377         9      1184    0.6596    0.7142    0.7093    0.3336   0.05088    0.3218  0.009035
    91/399     2.19G   0.05088    0.2781   0.00949    0.3385        12      1184    0.6708    0.7041    0.7152    0.3404   0.05148     0.317  0.008738
    92/399     2.19G   0.05128    0.2769   0.00993    0.3381        10      1184    0.6888    0.7065    0.7181    0.3442   0.05155    0.3249  0.008813
    93/399     2.19G   0.05108    0.2817  0.009636    0.3424        11      1184    0.6912    0.7057    0.7198    0.3404   0.05239    0.3091  0.008768
    94/399     2.19G   0.05131    0.2785  0.009538    0.3393        11      1184    0.6573    0.7151    0.7128    0.3489   0.05115     0.321  0.008832
    95/399     2.19G   0.05129    0.2786  0.009352    0.3393        12      1184    0.6836    0.7051    0.7189    0.3529   0.05124    0.3211  0.008656
    96/399     2.19G   0.05149    0.2765  0.009518    0.3375        12      1184    0.6554    0.7303      0.72    0.3513   0.05123    0.3154  0.008764
    97/399     2.19G   0.05117    0.2772  0.009732    0.3381         9      1184    0.6844    0.6875    0.7189    0.3442   0.05117    0.3278  0.008705
    98/399     2.19G   0.05069    0.2773  0.009544    0.3375        11      1184    0.6801    0.7176    0.7273    0.3561   0.05121    0.3581  0.008705
    99/399     2.19G   0.05099    0.2781  0.009858     0.339        12      1184    0.6964    0.6752    0.7178    0.3435   0.05186     0.386  0.008992
   100/399     2.19G   0.05133    0.2745  0.009555    0.3354         8      1184    0.6806    0.6984    0.7202    0.3335   0.05158    0.3445  0.008756
   101/399     2.19G   0.05106    0.2746  0.009668    0.3354        11      1184     0.679    0.6996    0.7149    0.3457    0.0512     0.324  0.008866
   102/399     2.19G   0.05088    0.2738  0.009488    0.3341        12      1184    0.6768    0.7143     0.726    0.3475   0.05169    0.3313  0.008696
   103/399     2.19G   0.05049    0.2786  0.009314    0.3384        11      1184    0.6886     0.683    0.7206    0.3529   0.05183    0.3542  0.008839
   104/399     2.19G   0.05094    0.2758  0.009629    0.3364        11      1184    0.6547    0.7175    0.7152    0.3432   0.05114    0.3069  0.008793
   105/399     2.19G    0.0512    0.2753  0.009436     0.336        12      1184    0.6924    0.6885      0.72    0.3491   0.05092    0.3003   0.00865
   106/399     2.19G   0.05027    0.2752  0.009148    0.3346        12      1184    0.6543    0.7239    0.7229    0.3498   0.05056    0.3175  0.008646
   107/399     2.19G   0.05066    0.2783  0.009136    0.3381        12      1184    0.6488    0.7343    0.7158    0.3435   0.05116     0.343  0.008629
   108/399     2.19G   0.05041    0.2746  0.009347    0.3343        12      1184    0.7022    0.7005    0.7298    0.3598   0.05085     0.322  0.008545
   109/399     2.19G   0.05028    0.2767  0.009397    0.3364        12      1184    0.6811    0.7122    0.7263     0.354   0.05076    0.3028  0.008771
   110/399     2.19G   0.05085    0.2744  0.009179    0.3344        11      1184    0.6745    0.7129    0.7201    0.3494   0.05049     0.312  0.008717
   111/399     2.19G   0.05074    0.2772  0.009028     0.337         9      1184    0.6717    0.7189     0.725    0.3499   0.05178    0.3722    0.0086
   112/399     2.19G   0.05051    0.2762  0.009421    0.3361         9      1184    0.6418    0.7284    0.7189    0.3339   0.05093    0.3302  0.008704
   113/399     2.19G   0.05011     0.271  0.009464    0.3306        12      1184    0.7199    0.6679    0.7256    0.3503   0.05064    0.3043  0.008446
   114/399     2.19G   0.05064    0.2729  0.009401     0.333        10      1184    0.6955    0.6923    0.7315    0.3493   0.05066    0.3054  0.008543
   115/399     2.19G   0.05056    0.2767  0.009279    0.3366         7      1184    0.6809    0.7137    0.7262    0.3529   0.05045    0.3266  0.008489
   116/399     2.19G   0.05067    0.2764  0.009312    0.3364        12      1184    0.6888    0.7062    0.7338    0.3579   0.05105    0.3349  0.008462
   117/399     2.19G   0.05085    0.2724  0.009243    0.3325        11      1184    0.7055    0.6866    0.7324    0.3579   0.05048    0.3261  0.008424
   118/399     2.19G   0.05023    0.2775  0.009362    0.3371        10      1184    0.6806    0.7019    0.7232    0.3514   0.05131    0.3778  0.008683
   119/399     2.19G   0.05007    0.2752  0.009135    0.3344        10      1184    0.6861    0.7103    0.7294    0.3359   0.05205     0.371    0.0086
   120/399     2.19G   0.05101    0.2756  0.009146    0.3357        10      1184    0.6592    0.7323    0.7384    0.3558   0.05034    0.3249  0.008324
   121/399     2.19G   0.05074    0.2746   0.00931    0.3346        12      1184    0.6758    0.7037    0.7241     0.351   0.05052    0.3149  0.008486
   122/399     2.19G   0.05049    0.2756  0.009343    0.3354        12      1184    0.6685    0.7115    0.7243    0.3473   0.05179    0.3765  0.008654
   123/399     2.19G    0.0502    0.2756  0.009322    0.3351         8      1184     0.664    0.7369    0.7303    0.3516   0.05041    0.3249  0.008396
   124/399     2.19G   0.05008     0.276  0.009093    0.3352        11      1184    0.6862    0.7213    0.7296    0.3547   0.05223     0.386  0.008504
   125/399     2.19G   0.04999    0.2744  0.009054    0.3334        11      1184    0.6908    0.7216    0.7319    0.3598   0.05052    0.3266  0.008421
   126/399     2.19G   0.04993    0.2749  0.009047    0.3339        12      1184    0.6668    0.7167    0.7285    0.3543   0.05039    0.3061  0.008461
   127/399     2.19G   0.05031    0.2772  0.009004    0.3365        10      1184    0.6804     0.713    0.7249    0.3535   0.05026     0.321  0.008522
   128/399     2.19G   0.05032    0.2757  0.009031     0.335        11      1184       0.7     0.694    0.7354    0.3642   0.05055    0.3355  0.008408
   129/399     2.19G   0.05023    0.2734  0.009202    0.3328        11      1184    0.6906    0.6979    0.7274    0.3566   0.05055    0.3127   0.00846
   130/399     2.19G   0.05017    0.2746  0.009168    0.3339        11      1184    0.6857     0.716    0.7301    0.3544   0.05049    0.3074  0.008311
   131/399     2.19G   0.05005    0.2736  0.009073    0.3327        12      1184    0.6858    0.7017    0.7307    0.3543   0.05058    0.3361  0.008387
   132/399     2.19G   0.05005     0.274  0.009292    0.3333        10      1184    0.6824    0.7151    0.7367    0.3568   0.05069    0.3604  0.008379
   133/399     2.19G    0.0501    0.2742   0.00918    0.3335        11      1184    0.7054    0.6895    0.7313    0.3506   0.05009    0.3403  0.008521
   134/399     2.19G   0.04967    0.2791  0.009156    0.3379        12      1184    0.6688    0.7151    0.7268    0.3571   0.05104    0.3132  0.008546
   135/399     2.19G   0.04978    0.2756  0.008952    0.3343        11      1184     0.695    0.6945    0.7287    0.3526   0.05016    0.3061  0.008376
   136/399     2.19G   0.05017    0.2747   0.00911    0.3339        12      1184    0.6586     0.719    0.7252     0.355   0.05036    0.3133  0.008593
   137/399     2.19G   0.04993    0.2743  0.008878    0.3331        12      1184    0.6924    0.6953    0.7303    0.3589   0.05086    0.3265  0.008328
   138/399     2.19G   0.04983    0.2753  0.009116    0.3342        11      1184    0.7206    0.6738    0.7295    0.3479   0.05024    0.3073  0.008397
   139/399     2.19G   0.05035    0.2743  0.009092    0.3338        11      1184    0.6952    0.7083    0.7378    0.3591   0.05008    0.3143  0.008457
   140/399     2.19G   0.04961    0.2726  0.008961    0.3312        11      1184    0.6931    0.7072    0.7339    0.3491   0.05091    0.3499  0.008426
   141/399     2.19G   0.04977    0.2726  0.009207    0.3315        12      1184     0.668    0.7274    0.7297    0.3533   0.05052    0.3629  0.008466
   142/399     2.19G   0.04993    0.2749  0.008837    0.3337        12      1184    0.6967    0.6984    0.7298    0.3536   0.05012    0.3277  0.008534
   143/399     2.19G   0.04953    0.2743  0.009029    0.3329        11      1184     0.695    0.7021    0.7324    0.3491   0.05088    0.3252  0.008308
   144/399     2.19G   0.05016    0.2728  0.009012     0.332         9      1184    0.7145     0.692    0.7354    0.3604   0.05026    0.3213  0.008216
   145/399     2.19G   0.04956     0.276  0.008829    0.3344        12      1184    0.6851    0.7025     0.732     0.352   0.05017    0.3253  0.008243
   146/399     2.19G   0.04942     0.273  0.008949    0.3314        12      1184    0.7447     0.673    0.7371    0.3521   0.04984    0.3203  0.008194
   147/399     2.19G   0.05046    0.2746  0.009129    0.3342        12      1184    0.7004    0.7045    0.7372    0.3565   0.05067    0.3089  0.008379
   148/399     2.19G   0.04963    0.2725   0.00862    0.3308        10      1184    0.6802    0.7313    0.7399     0.363   0.05028    0.3203  0.008253
   149/399     2.19G   0.04981    0.2738  0.008936    0.3325         9      1184    0.7198    0.6974    0.7386     0.354   0.05014    0.3066  0.008152
   150/399     2.19G   0.05031    0.2733  0.009045    0.3327        12      1184     0.706    0.6995    0.7373    0.3582   0.05003    0.3154  0.008199
   151/399     2.19G   0.04927    0.2725  0.008649    0.3304        12      1184    0.7103    0.6871    0.7418    0.3616   0.04985     0.305  0.008226
   152/399     2.19G   0.04913    0.2742  0.008839    0.3322         7      1184    0.7109    0.6857    0.7401    0.3642   0.05029    0.3094  0.008142
   153/399     2.19G   0.04947     0.273  0.008755    0.3312        10      1184    0.7017    0.6947    0.7361    0.3589    0.0504    0.3428  0.008246
   154/399     2.19G   0.04949    0.2736  0.008744    0.3318        11      1184    0.6876    0.7171     0.732     0.359   0.05027    0.3338   0.00832
   155/399     2.19G   0.04941    0.2724  0.009088    0.3309        12      1184    0.6868    0.7086    0.7398    0.3633   0.05018    0.3117  0.008259
   156/399     2.19G   0.05018    0.2721  0.008605    0.3308        12      1184    0.7051    0.6956    0.7357    0.3633   0.05064    0.3441  0.008246
   157/399     2.19G   0.04929    0.2735  0.008961    0.3317        10      1184    0.7402    0.6684    0.7427    0.3626   0.05012    0.3128  0.008168
   158/399     2.19G   0.04933    0.2743  0.008797    0.3325         7      1184    0.7066    0.6875     0.737    0.3564   0.04988    0.3039  0.008198
   159/399     2.19G   0.04936    0.2719  0.008633    0.3299        12      1184    0.6972    0.7043    0.7404    0.3554   0.05069     0.364  0.008272
   160/399     2.19G   0.04917    0.2744  0.008815    0.3323         9      1184     0.667    0.7341     0.738      0.36   0.04985    0.3204  0.008194
   161/399     2.19G   0.04924    0.2702  0.008638    0.3281        11      1184     0.717    0.6943    0.7361    0.3536   0.04983    0.3041  0.008118
   162/399     2.19G   0.04977    0.2733  0.008894     0.332        12      1184    0.6733    0.7177    0.7315    0.3546   0.05002    0.3341  0.008223
   163/399     2.19G    0.0493    0.2735  0.008725    0.3315        11      1184    0.6996    0.7007    0.7369    0.3542   0.05019    0.3342   0.00832
   164/399     2.19G    0.0491    0.2736  0.008771    0.3315         9      1184     0.707    0.6881    0.7385    0.3598   0.04974    0.3163  0.008161
   165/399     2.19G   0.04926    0.2715  0.008844    0.3296        12      1184    0.7252    0.6821     0.741    0.3659    0.0498    0.3067  0.008183
   166/399     2.19G   0.04922    0.2717  0.008859    0.3297        11      1184    0.6907    0.7071    0.7389    0.3566   0.05013     0.359  0.008157
   167/399     2.19G   0.04877    0.2731  0.008623    0.3305        11      1184     0.693    0.7075    0.7453    0.3554   0.05016    0.3409  0.008059
   168/399     2.19G    0.0496    0.2729  0.008632    0.3311        11      1184    0.6673    0.7357    0.7357     0.354   0.05034    0.3424   0.00812
   169/399     2.19G   0.04894    0.2733  0.008686    0.3309        12      1184    0.6773    0.7266    0.7393    0.3604   0.04969    0.3108  0.008131
   170/399     2.19G   0.04921    0.2757  0.008521    0.3334        12      1184    0.6791    0.7212    0.7358    0.3635   0.04956     0.309  0.008177
   171/399     2.19G   0.04936    0.2711  0.008787    0.3293        11      1184      0.68    0.7238    0.7399    0.3642   0.04956    0.3131  0.008051
   172/399     2.19G   0.04945    0.2716  0.008738    0.3298         7      1184    0.6657    0.7328    0.7375    0.3593      0.05     0.308  0.008185
   173/399     2.19G   0.04906    0.2729  0.008532    0.3305         8      1184    0.6931     0.707    0.7363    0.3617      0.05    0.3136  0.008054
   174/399     2.19G   0.04958    0.2742   0.00859    0.3324        11      1184    0.7201    0.6898    0.7462    0.3715   0.04976    0.2962  0.008023
   175/399     2.19G   0.04926    0.2728  0.008568    0.3306        12      1184    0.7055    0.6954    0.7384    0.3611   0.05008    0.3401  0.008059
   176/399     2.19G   0.04863    0.2716  0.008809     0.329         9      1184    0.6656    0.7332    0.7384    0.3631   0.04978     0.328  0.008193
   177/399     2.19G   0.04867    0.2695  0.008584    0.3267        11      1184    0.6946    0.7191    0.7455    0.3623   0.04974    0.3243  0.008079
   178/399     2.19G   0.04884    0.2703  0.008582    0.3277        12      1184     0.714    0.7008     0.743    0.3628   0.04999    0.3304   0.00811
   179/399     2.19G   0.04914    0.2736  0.008618    0.3314        10      1184    0.6822    0.7334    0.7479    0.3611   0.04998    0.3026  0.008063
   180/399     2.19G   0.04922    0.2735  0.008513    0.3313        11      1184    0.6959    0.7119    0.7427    0.3656   0.04975    0.3062  0.008045
   181/399     2.19G   0.04958    0.2716  0.008644    0.3298        12      1184    0.7116    0.6998    0.7436    0.3586    0.0501    0.3184  0.008106
   182/399     2.19G   0.04925    0.2724  0.008925    0.3305         9      1184    0.6716     0.735      0.74    0.3612   0.05018    0.3465  0.008205
   183/399     2.19G   0.04907    0.2707  0.008708    0.3284         7      1184    0.6822     0.712    0.7368    0.3608   0.05022    0.3424  0.008075
   184/399     2.19G    0.0494    0.2698   0.00867    0.3279         7      1184    0.7002    0.7017    0.7454    0.3608   0.04958     0.322  0.007917
   185/399     2.19G   0.04899    0.2732  0.008816     0.331        10      1184    0.6639    0.7314    0.7352    0.3594   0.04961    0.3119  0.008129
   186/399     2.19G   0.04903    0.2745  0.008712    0.3322         8      1184    0.6905    0.6993    0.7301    0.3539   0.04985    0.3443  0.008135
   187/399     2.19G   0.04858    0.2698  0.008631     0.327         9      1184     0.679     0.726    0.7414    0.3628   0.04984    0.3267  0.008121
   188/399     2.19G   0.04939    0.2719  0.008784    0.3301        12      1184    0.7073    0.7014    0.7405    0.3614   0.04956    0.3334  0.008031
   189/399     2.19G   0.04876    0.2697  0.008388    0.3269        12      1184    0.6874    0.7325    0.7425    0.3621   0.04949    0.3237  0.008037
   190/399     2.19G   0.04925    0.2735  0.008698    0.3315         9      1184    0.6981     0.715    0.7473    0.3572   0.04975    0.3328   0.00803
   191/399     2.19G   0.04835    0.2706  0.008622    0.3275        11      1184    0.6668    0.7383    0.7431    0.3609   0.04985    0.3251  0.008136
   192/399     2.19G   0.04866    0.2711  0.008645    0.3285         9      1184     0.662    0.7397    0.7394    0.3575   0.04959     0.327  0.008107
   193/399     2.19G   0.04876    0.2716  0.008641     0.329        12      1184    0.6993    0.7063    0.7383    0.3613   0.04973    0.3402  0.008166
   194/399     2.19G   0.04825    0.2769  0.008477    0.3336        12      1184    0.6966    0.7128    0.7375    0.3607   0.04998    0.3329  0.008084
   195/399     2.19G   0.04858    0.2736  0.008649    0.3308         8      1184    0.6815    0.7166    0.7386     0.362    0.0497    0.3349  0.008109
   196/399     2.19G   0.04845    0.2724  0.008481    0.3293        11      1184     0.676     0.739    0.7403    0.3622   0.04958    0.3109  0.008135
   197/399     2.19G   0.04892    0.2754   0.00853    0.3328        12      1184    0.7159    0.6831    0.7384    0.3603   0.04948    0.3072  0.008118
   198/399     2.19G   0.04872    0.2712  0.008597    0.3285        11      1184    0.6958    0.7202    0.7468    0.3616   0.04952    0.3081  0.008021
   199/399     2.19G   0.04842     0.271  0.008666    0.3281        10      1184    0.6703      0.74    0.7453     0.361   0.04942    0.3209  0.008023
   200/399     2.19G   0.04856    0.2729  0.008408    0.3299        12      1184    0.7021    0.7153    0.7417    0.3621   0.04948    0.3316  0.008116
   201/399     2.19G   0.04869    0.2726  0.008355    0.3297        10      1184    0.6835    0.7208    0.7401    0.3655   0.04936    0.3096  0.008024
   202/399     2.19G   0.04852    0.2687  0.008527    0.3257         9      1184    0.6741    0.7371    0.7398     0.353   0.04941    0.3108  0.008012
   203/399     2.19G   0.04842    0.2683  0.008469    0.3252        12      1184    0.7055    0.6953    0.7396    0.3574   0.04953    0.3087  0.008017
   204/399     2.19G    0.0482    0.2692  0.008637    0.3261        11      1184    0.6725    0.7299    0.7382    0.3608    0.0496    0.3014  0.008034
   205/399     2.19G   0.04853    0.2694  0.008325    0.3263        12      1184    0.6838    0.7234    0.7424    0.3629   0.04934    0.3115  0.007995
   206/399     2.19G   0.04886    0.2707  0.008497     0.328        11      1184    0.6705    0.7266     0.738    0.3607   0.04931    0.3105  0.008062
   207/399     2.19G    0.0489    0.2703  0.008436    0.3277        12      1184    0.6913    0.7188    0.7412    0.3586   0.04944      0.31  0.008039
   208/399     2.19G    0.0487    0.2703  0.008516    0.3275        12      1184    0.6918    0.7136    0.7417    0.3559   0.05001    0.3482  0.008108
   209/399     2.19G   0.04859    0.2699  0.008349    0.3269         8      1184    0.6962    0.6984    0.7352    0.3561   0.05005    0.3051  0.008286
   210/399     2.19G   0.04828    0.2681  0.008578     0.325        11      1184    0.6813    0.7225    0.7405    0.3651   0.04978    0.3276  0.008021
   211/399     2.19G    0.0485    0.2678  0.008487    0.3248        10      1184    0.6806    0.7296    0.7438    0.3658   0.04965    0.3317  0.007921
   212/399     2.19G    0.0486    0.2709  0.008489     0.328         9      1184     0.704    0.6973    0.7467    0.3622   0.04966     0.323  0.007928
   213/399     2.19G   0.04832    0.2707  0.008409    0.3274         9      1184     0.685    0.7212    0.7456    0.3625    0.0493    0.3143  0.007904
   214/399     2.19G    0.0482    0.2714  0.008569    0.3282         9      1184    0.6794    0.7426    0.7503    0.3646   0.04935    0.3063  0.007843
   215/399     2.19G   0.04819    0.2699   0.00836    0.3265         9      1184    0.6953    0.7097    0.7472    0.3602   0.04951    0.3339   0.00793
   216/399     2.19G   0.04837    0.2713  0.008492    0.3282        11      1184    0.6979    0.7197    0.7455    0.3634   0.04924    0.3169  0.007895
   217/399     2.19G   0.04833    0.2693   0.00852    0.3261        11      1184    0.6674    0.7394    0.7439     0.364   0.04943    0.3212  0.008009
   218/399     2.19G    0.0487    0.2718  0.008376    0.3289        11      1184    0.6815    0.7319    0.7442    0.3627   0.04934    0.3399  0.007958
   219/399     2.19G   0.04831    0.2706  0.008223    0.3271        11      1184    0.7329    0.6884     0.752    0.3638   0.04947    0.3123  0.007929
   220/399     2.19G   0.04876     0.268  0.008412    0.3252        11      1184    0.7153    0.7019    0.7479    0.3643   0.04967    0.3316  0.007904
   221/399     2.19G   0.04822    0.2684  0.008406    0.3251        12      1184    0.7248    0.6809    0.7441    0.3641   0.04986    0.3344    0.0079
   222/399     2.19G    0.0481    0.2693   0.00823    0.3256        11      1184    0.6493    0.7531    0.7422    0.3592    0.0501    0.3221   0.00791
   223/399     2.19G   0.04841    0.2665  0.008337    0.3233        12      1184    0.6613    0.7341    0.7391    0.3574   0.04999    0.3407  0.008006
   224/399     2.19G   0.04834    0.2712  0.008552    0.3281        10      1184     0.688    0.7194    0.7458    0.3655   0.04942    0.3355  0.007865
   225/399     2.19G   0.04824    0.2704  0.008284    0.3269        10      1184    0.6883    0.7198    0.7464     0.364   0.04935    0.3223  0.007878
   226/399     2.19G   0.04817     0.271  0.008411    0.3276        11      1184    0.6891    0.7211    0.7517     0.363   0.04925    0.3068  0.007933
   227/399     2.19G   0.04812    0.2708  0.008433    0.3274        12      1184    0.7323    0.6691    0.7465    0.3616   0.04933    0.3045   0.00796
   228/399     2.19G    0.0481    0.2705  0.008524    0.3271        11      1184     0.688    0.7147    0.7452     0.361   0.04972    0.3232  0.007999
   229/399     2.19G   0.04817    0.2688  0.008516    0.3255         8      1184    0.6661    0.7474    0.7507    0.3581   0.04982    0.3089  0.007965
   230/399     2.19G   0.04818    0.2667  0.008357    0.3233         8      1184    0.7187     0.683    0.7466    0.3583   0.04942    0.3069  0.007972
   231/399     2.19G   0.04783    0.2675  0.008443    0.3238        10      1184    0.6751    0.7352    0.7452    0.3588   0.04972    0.3106  0.007978
   232/399     2.19G   0.04803    0.2692  0.008409    0.3256         9      1184    0.6785    0.7349    0.7435    0.3651    0.0495    0.3111  0.007997
   233/399     2.19G   0.04776    0.2684  0.008565    0.3247        11      1184    0.7046    0.7127    0.7464    0.3625   0.04938     0.317   0.00801
   234/399     2.19G   0.04827    0.2702  0.008692    0.3271        12      1184     0.676    0.7384     0.742    0.3642   0.04943    0.3228  0.007993
   235/399     2.19G   0.04808    0.2685  0.008514    0.3251         8      1184    0.6698    0.7364    0.7401    0.3644   0.04976    0.3493   0.00802
   236/399     2.19G   0.04817    0.2672  0.008519    0.3239         8      1184    0.6755    0.7231    0.7394    0.3557   0.04979    0.3492  0.008158
   237/399     2.19G   0.04819    0.2683  0.008471    0.3249        11      1184    0.7053    0.7118    0.7423    0.3628   0.04946    0.3374  0.007967
   238/399     2.19G   0.04807    0.2709  0.008446    0.3274         8      1184    0.6951    0.7136    0.7424    0.3617   0.04932     0.317  0.007934
   239/399     2.19G   0.04819    0.2662  0.008339    0.3228        11      1184    0.6598    0.7563    0.7477    0.3638   0.04933    0.3286  0.007915
   240/399     2.19G   0.04799     0.268  0.008345    0.3243         7      1184    0.7059    0.7088    0.7456    0.3603   0.04937    0.3196  0.007995
   241/399     2.19G   0.04785    0.2689  0.008365    0.3251        11      1184    0.6582    0.7525    0.7407    0.3622   0.04934    0.3274  0.008058
   242/399     2.19G   0.04799    0.2685  0.008396    0.3249        11      1184    0.6658    0.7437    0.7466    0.3594   0.04963    0.3362  0.007985
   243/399     2.19G    0.0473    0.2692  0.008469     0.325        12      1184     0.688    0.7297    0.7482    0.3618   0.04937    0.3354  0.008026
   244/399     2.19G   0.04776     0.267  0.008433    0.3232         6      1184    0.6977     0.718    0.7444     0.361   0.04962    0.3514  0.008003
   245/399     2.19G   0.04827    0.2664  0.008261    0.3229         8      1184    0.6854    0.7303    0.7515    0.3685   0.04915    0.3122  0.007878
   246/399     2.19G   0.04804    0.2689  0.008496    0.3254        12      1184    0.6659    0.7417    0.7412     0.366   0.04921     0.308  0.007923
   247/399     2.19G   0.04765    0.2668  0.008292    0.3227        12      1184    0.6554    0.7564    0.7432    0.3683   0.04913    0.3119  0.007898
   248/399     2.19G   0.04804    0.2658  0.008424    0.3222         8      1184    0.6839    0.7277    0.7454    0.3649   0.04918     0.309  0.007883
   249/399     2.19G   0.04791    0.2699  0.008382    0.3262         9      1184    0.6893    0.6972    0.7363    0.3556   0.04927     0.311     0.008
   250/399     2.19G   0.04799    0.2675  0.008566    0.3241         9      1184    0.6602    0.7496    0.7438    0.3603   0.04923     0.311   0.00793
   251/399     2.19G   0.04742    0.2669  0.008363    0.3227        11      1184    0.6621    0.7368    0.7402    0.3603   0.04917    0.3094   0.00802
   252/399     2.19G   0.04787    0.2656  0.008793    0.3223        10      1184    0.6624    0.7442    0.7451    0.3606   0.04918    0.3043   0.00794
   253/399     2.19G   0.04775    0.2694  0.008789    0.3259         9      1184    0.6539    0.7485     0.743    0.3619   0.04927     0.311   0.00799
   254/399     2.19G   0.04792    0.2653  0.008373    0.3216        12      1184    0.6849    0.7235    0.7452    0.3588   0.04942    0.3271  0.007964
   255/399     2.19G   0.04792    0.2676  0.008553    0.3241        12      1184     0.683    0.7206    0.7438    0.3601   0.04939    0.3158  0.007996
   256/399     2.19G    0.0475    0.2692  0.008541    0.3253        12      1184     0.697    0.7196    0.7468    0.3624   0.04941     0.336  0.007896
   257/399     2.19G   0.04734    0.2685  0.008544    0.3244        10      1184    0.6898    0.7206    0.7419    0.3622   0.04949    0.3334  0.007907
   258/399     2.19G   0.04766    0.2678  0.008412    0.3239        11      1184    0.6833    0.7335    0.7415    0.3659   0.04932    0.3275  0.007932
   259/399     2.19G   0.04738    0.2674  0.008507    0.3233        11      1184    0.6855     0.731    0.7478    0.3667   0.04929    0.3209  0.007848
   260/399     2.19G   0.04788    0.2675   0.00848    0.3238        12      1184    0.7334     0.686    0.7486    0.3666   0.04935    0.3206  0.007858
   261/399     2.19G   0.04755    0.2702  0.008427    0.3262         7      1184    0.6885    0.7206    0.7461    0.3604   0.04947    0.3373  0.007959
   262/399     2.19G   0.04781    0.2681  0.008352    0.3243        12      1184    0.7083    0.7018    0.7512    0.3595   0.04945    0.3311  0.007869
   263/399     2.19G   0.04746    0.2653  0.008476    0.3213         9      1184    0.7153    0.7038    0.7503    0.3634   0.04927    0.3229  0.007947
   264/399     2.19G   0.04754    0.2685   0.00841    0.3244        11      1184    0.7138    0.7039    0.7503    0.3655   0.04921    0.3161  0.007941
   265/399     2.19G   0.04792    0.2656  0.008336    0.3219        10      1184    0.6708    0.7425    0.7491    0.3663   0.04955    0.3501  0.007971
   266/399     2.19G   0.04778    0.2643  0.008522    0.3206        10      1184    0.7408    0.6649    0.7444    0.3656   0.04936    0.3329  0.007918
   267/399     2.19G   0.04745    0.2663  0.008333    0.3221         9      1184    0.7123    0.6898    0.7445    0.3607   0.04949    0.3229  0.007885
   268/399     2.19G   0.04776    0.2677  0.008393    0.3238        11      1184     0.727    0.6758    0.7445    0.3612   0.04955    0.3314  0.007924
   269/399     2.19G   0.04776     0.264  0.008449    0.3202        11      1184    0.6741     0.735    0.7454    0.3626   0.04985    0.3445  0.007946
   270/399     2.19G   0.04818    0.2683  0.008535     0.325         9      1184    0.6984    0.7193    0.7488    0.3615   0.04967    0.3533  0.007904
   271/399     2.19G   0.04767    0.2634  0.008298    0.3194        11      1184    0.6942    0.7136    0.7425    0.3605   0.04964    0.3506  0.007902
   272/399     2.19G    0.0474    0.2663  0.008343     0.322        12      1184    0.7103    0.7066    0.7474    0.3619   0.04948    0.3464  0.007868
   273/399     2.19G   0.04746    0.2658  0.008297    0.3216        11      1184    0.7326    0.6816    0.7455    0.3635   0.04935    0.3423  0.007916
   274/399     2.19G   0.04729    0.2664  0.008341     0.322        12      1184    0.7123    0.6946    0.7419    0.3643    0.0493     0.338  0.007917
   275/399     2.19G   0.04743     0.266  0.008313    0.3217         8      1184    0.6574    0.7555     0.744    0.3663   0.04912     0.315  0.007898
   276/399     2.19G   0.04746    0.2645  0.008312    0.3202        10      1184    0.6566    0.7558     0.743    0.3652   0.04933    0.3177  0.007878
   277/399     2.19G   0.04737    0.2673  0.008445    0.3231        12      1184    0.7022    0.7054    0.7414    0.3644   0.04936    0.3087  0.007901
   278/399     2.19G    0.0476    0.2655  0.008115    0.3212        12      1184    0.7096    0.6881    0.7386    0.3636   0.04938    0.3248  0.007852
   279/399     2.19G   0.04729    0.2621  0.008379    0.3178        11      1184    0.7104    0.6921    0.7431    0.3658   0.04929     0.321  0.007827
   280/399     2.19G   0.04718    0.2663  0.008314    0.3218        11      1184    0.7042     0.702    0.7429    0.3657   0.04931    0.3189  0.007832
   281/399     2.19G   0.04718    0.2648  0.008375    0.3204        12      1184    0.6974     0.713    0.7479    0.3626   0.04962    0.3227  0.007858
   282/399     2.19G   0.04727     0.263  0.008185    0.3185        12      1184    0.6999    0.7093    0.7463    0.3598    0.0497     0.326   0.00785
   283/399     2.19G   0.04705    0.2667  0.008451    0.3222        12      1184    0.6644    0.7453    0.7478     0.357   0.04981    0.3382   0.00788
   284/399     2.19G   0.04784    0.2665  0.008327    0.3227        11      1184     0.681    0.7351    0.7455    0.3563   0.04974     0.336  0.007883
   285/399     2.19G   0.04719     0.263  0.008198    0.3184        11      1184    0.6889     0.719    0.7461     0.355   0.04977    0.3443   0.00789
   286/399     2.19G    0.0474    0.2651   0.00808    0.3206        12      1184    0.6747    0.7347    0.7491     0.364   0.04946    0.3257  0.007815
   287/399     2.19G    0.0468     0.264  0.008197     0.319         7      1184     0.714     0.698     0.752    0.3671   0.04922    0.3224  0.007769
   288/399     2.19G   0.04705     0.268  0.008081    0.3231        10      1184    0.6663    0.7499    0.7452    0.3686   0.04931    0.3457   0.00779
   289/399     2.19G   0.04733    0.2618  0.008198    0.3173        11      1184    0.6747    0.7318    0.7449    0.3702   0.04932    0.3433  0.007816
   290/399     2.19G   0.04761     0.262  0.008032    0.3177        11      1184    0.7021    0.7026    0.7473    0.3647   0.04937    0.3403  0.007852
   291/399     2.19G   0.04704    0.2667  0.008092    0.3218        12      1184    0.6582    0.7458    0.7392     0.364   0.04953    0.3454  0.007902
   292/399     2.19G   0.04741    0.2672  0.008379     0.323         9      1184    0.7008     0.703    0.7448    0.3639   0.04976     0.353  0.007934
   293/399     2.19G   0.04721    0.2651  0.008353    0.3206        11      1184    0.7283     0.681    0.7484    0.3654   0.04962    0.3521  0.007947
   294/399     2.19G    0.0468    0.2638    0.0081    0.3187        11      1184    0.7015    0.7039     0.748    0.3654   0.04949    0.3412  0.007969
   295/399     2.19G   0.04722    0.2639  0.008283    0.3194        11      1184    0.7212    0.6928    0.7488    0.3621   0.04962    0.3567  0.007943
   296/399     2.19G   0.04717    0.2635  0.008125    0.3188        12      1184    0.6907    0.7119    0.7471    0.3615   0.04959    0.3571  0.007892
   297/399     2.19G   0.04686    0.2635  0.008263    0.3187        12      1184    0.7203     0.687    0.7483    0.3628    0.0495    0.3364  0.007828
   298/399     2.19G   0.04745    0.2637   0.00814    0.3193         9      1184    0.7121    0.6961    0.7445    0.3664   0.04934    0.3319  0.007858
   299/399     2.19G   0.04696    0.2641  0.008124    0.3192        12      1184    0.7037    0.7043    0.7485    0.3656   0.04923    0.3192  0.007876
   300/399     2.19G    0.0467    0.2623  0.008267    0.3172        10      1184    0.6883    0.7183    0.7482    0.3684   0.04932    0.3334  0.007909
   301/399     2.19G   0.04685    0.2628  0.008053    0.3176        12      1184    0.7093    0.6898    0.7474     0.368   0.04924     0.319  0.007896
   302/399     2.19G   0.04683    0.2632  0.008274    0.3183        10      1184    0.6961     0.703    0.7423    0.3659   0.04931    0.3314  0.007879
   303/399     2.19G   0.04671    0.2648  0.008077    0.3195        10      1184    0.6944    0.7154    0.7492    0.3689   0.04934    0.3281  0.007874
   304/399     2.19G   0.04634    0.2644  0.008263     0.319        11      1184    0.6983    0.7096    0.7432    0.3686   0.04926    0.3239  0.007847
   305/399     2.19G   0.04687    0.2613  0.008263    0.3164         9      1184    0.6794     0.724    0.7486    0.3684   0.04917    0.3316   0.00785
   306/399     2.19G   0.04723    0.2638  0.008363    0.3194        12      1184    0.6721    0.7333    0.7483    0.3673   0.04922    0.3407  0.007887
   307/399     2.19G   0.04718     0.263  0.008155    0.3183        12      1184    0.6678    0.7414     0.749    0.3678   0.04921    0.3391  0.007879
   308/399     2.19G   0.04749    0.2622  0.008276     0.318        11      1184    0.7078    0.6948    0.7462    0.3642   0.04956    0.3525  0.007883
   309/399     2.19G   0.04633    0.2643  0.008029    0.3187        12      1184    0.7329    0.6719    0.7456     0.363   0.04968     0.352  0.007894
   310/399     2.19G   0.04715    0.2637  0.008189    0.3191        11      1184    0.7492    0.6596    0.7427    0.3627   0.04974    0.3592  0.007882
   311/399     2.19G    0.0465    0.2617  0.008039    0.3162         9      1184    0.7451    0.6619    0.7464    0.3646   0.04959    0.3526  0.007895
   312/399     2.19G   0.04741    0.2625  0.008127     0.318         9      1184    0.7275    0.6811    0.7479    0.3658    0.0495    0.3442  0.007914
   313/399     2.19G   0.04715    0.2623  0.007924    0.3174        11      1184    0.6879    0.7144    0.7437    0.3698   0.04938     0.336   0.00787
   314/399     2.19G   0.04694     0.263  0.007876    0.3179        11      1184    0.6778    0.7257    0.7426    0.3668   0.04945    0.3421  0.007881
   315/399     2.19G   0.04673    0.2616  0.008123    0.3165        11      1184    0.6849    0.7124    0.7405    0.3645   0.04946    0.3452  0.007875
   316/399     2.19G   0.04675    0.2614  0.007891    0.3161        11      1184    0.6714    0.7308    0.7455    0.3653    0.0495    0.3437  0.007867
   317/399     2.19G    0.0469    0.2636  0.008174    0.3187        11      1184    0.6705    0.7327    0.7466    0.3673   0.04934    0.3358  0.007837
   318/399     2.19G   0.04684    0.2604  0.007998    0.3153        12      1184    0.7393    0.6641    0.7454    0.3674    0.0494    0.3434  0.007846
   319/399     2.19G   0.04727    0.2613  0.008056    0.3167        12      1184    0.6919    0.7096     0.741     0.368   0.04938    0.3379  0.007874
   320/399     2.19G   0.04702     0.262  0.008104    0.3171        12      1184    0.6872    0.7162    0.7437    0.3639   0.04932    0.3311  0.007895
   321/399     2.19G   0.04657    0.2621  0.007922    0.3166        10      1184    0.6986    0.6998    0.7412    0.3668   0.04929    0.3273   0.00789
   322/399     2.19G   0.04674     0.259  0.008047    0.3138         7      1184    0.6985    0.7009    0.7446    0.3654   0.04947    0.3462  0.007915
   323/399     2.19G   0.04681      0.26  0.008027    0.3148        12      1184      0.68    0.7156    0.7424    0.3644   0.04944    0.3453  0.007931
   324/399     2.19G   0.04677    0.2631  0.008214     0.318        11      1184    0.6919    0.7093    0.7433    0.3619    0.0493    0.3329  0.007922
   325/399     2.19G   0.04663    0.2592  0.007884    0.3137        11      1184    0.7024    0.6975    0.7452    0.3614   0.04937    0.3424  0.007889
   326/399     2.19G   0.04687    0.2597  0.008161    0.3147        11      1184    0.7131    0.6955    0.7453    0.3638    0.0493    0.3348  0.007883
   327/399     2.19G   0.04705    0.2601    0.0082    0.3154        12      1184    0.7087    0.6956    0.7449    0.3657   0.04921    0.3309  0.007881
   328/399     2.19G   0.04702    0.2613  0.008138    0.3164        10      1184    0.7246    0.6755     0.742    0.3659   0.04925    0.3313  0.007878
   329/399     2.19G   0.04703    0.2589  0.008072     0.314         8      1184    0.7137    0.6859    0.7408    0.3619   0.04934    0.3384  0.007898
   330/399     2.19G   0.04688    0.2618  0.008032    0.3167        12      1184    0.7229    0.6834     0.741    0.3633   0.04928    0.3351   0.00787
   331/399     2.19G   0.04678    0.2587  0.007877    0.3133        11      1184    0.7181    0.6835    0.7402     0.362   0.04937    0.3342  0.007871
   332/399     2.19G   0.04734    0.2623  0.007916    0.3176        12      1184    0.7146    0.6891     0.742    0.3628    0.0493    0.3305  0.007872
   333/399     2.19G   0.04656    0.2608  0.008008    0.3153         9      1184    0.7122    0.6876    0.7403    0.3602   0.04936    0.3395  0.007886
   334/399     2.19G   0.04703    0.2608  0.007913    0.3158        12      1184    0.7159    0.6882    0.7403    0.3606   0.04935    0.3382  0.007914
   335/399     2.19G   0.04688     0.259  0.007934    0.3138         9      1184    0.7036    0.6944    0.7416    0.3624   0.04933     0.334  0.007917
   336/399     2.19G   0.04696    0.2601  0.008009    0.3151         9      1184     0.689    0.7066    0.7408    0.3626   0.04945    0.3434  0.007914
   337/399     2.19G   0.04696    0.2597  0.007957    0.3146        12      1184    0.7089    0.6883    0.7406    0.3624    0.0494    0.3365  0.007894
   338/399     2.19G    0.0469    0.2585  0.008002    0.3134         9      1184    0.6947    0.7053    0.7417    0.3623   0.04943    0.3394  0.007886
   339/399     2.19G   0.04702    0.2609  0.007926    0.3158         9      1184     0.695    0.7029    0.7404     0.363   0.04938    0.3359  0.007883
   340/399     2.19G   0.04677    0.2616  0.008184    0.3165        12      1184    0.6816    0.7152     0.739    0.3636   0.04942    0.3378  0.007885
   341/399     2.19G   0.04683     0.261  0.007942    0.3158         8      1184    0.7041    0.6956    0.7396    0.3614   0.04957    0.3561  0.007891
   342/399     2.19G   0.04687    0.2598  0.007953    0.3146         7      1184    0.7536    0.6519    0.7382    0.3597   0.04969    0.3675  0.007925
   343/399     2.19G   0.04635    0.2602   0.00775    0.3143         7      1184    0.7158    0.6753     0.737    0.3595   0.04959    0.3625  0.007892
   344/399     2.19G   0.04681    0.2599  0.007817    0.3145        11      1184    0.7006    0.6937    0.7407    0.3613   0.04948    0.3517  0.007877
   345/399     2.19G   0.04705    0.2596   0.00796    0.3146         7      1184    0.6969     0.696    0.7403    0.3602   0.04947    0.3444  0.007868
   346/399     2.19G   0.04716     0.258   0.00797    0.3132         9      1184    0.7203    0.6738    0.7385     0.361   0.04968    0.3592  0.007875
   347/399     2.19G   0.04686    0.2579  0.007877    0.3126        12      1184    0.7087    0.6846    0.7376    0.3575   0.04985    0.3645  0.007867
   348/399     2.19G   0.04638    0.2579  0.007913    0.3122        10      1184    0.6851    0.7127    0.7383    0.3581   0.04985    0.3619  0.007847
   349/399     2.19G   0.04678    0.2603  0.007879     0.315        11      1184    0.6865     0.713     0.739    0.3589   0.04996    0.3653  0.007875
   350/399     2.19G   0.04617    0.2609  0.007783    0.3148        10      1184    0.6817    0.7162    0.7375    0.3573   0.04997     0.367  0.007902
   351/399     2.19G   0.04645     0.259   0.00781    0.3132         7      1184    0.6744    0.7258    0.7382    0.3576   0.04984    0.3615  0.007906
   352/399     2.19G   0.04668    0.2582  0.007791    0.3127        12      1184    0.6864    0.7151    0.7384    0.3554   0.04976    0.3566  0.007904
   353/399     2.19G   0.04704    0.2575  0.007806    0.3124        12      1184    0.6843    0.7117    0.7393    0.3571   0.04967    0.3516  0.007905
   354/399     2.19G   0.04667    0.2587  0.007963    0.3133        12      1184    0.7194    0.6796    0.7414    0.3608   0.04948    0.3371   0.00789
   355/399     2.19G   0.04675      0.26  0.007747    0.3145        11      1184    0.7169     0.687    0.7426    0.3633   0.04935    0.3303  0.007864
   356/399     2.19G   0.04682    0.2598  0.007907    0.3146        12      1184    0.6659     0.737    0.7442    0.3626    0.0494     0.328  0.007881
   357/399     2.19G   0.04689    0.2568  0.007861    0.3115        11      1184    0.6843    0.7232    0.7439    0.3637   0.04942    0.3253  0.007887
   358/399     2.19G    0.0464    0.2592  0.007629    0.3132        11      1184    0.6995    0.7018     0.742    0.3617   0.04945    0.3263  0.007897
   359/399     2.19G   0.04667    0.2576  0.007957    0.3122        12      1184     0.705    0.6964    0.7409    0.3627   0.04944    0.3283  0.007914
   360/399     2.19G   0.04668    0.2561  0.007796    0.3106        11      1184    0.6888    0.7135    0.7401    0.3614   0.04943    0.3294  0.007918
   361/399     2.19G   0.04691    0.2581   0.00781    0.3129        11      1184    0.6988    0.6967    0.7402     0.361   0.04949    0.3431  0.007937
   362/399     2.19G   0.04677    0.2585  0.008121    0.3134        12      1184    0.7217    0.6828    0.7417    0.3618   0.04945    0.3406  0.007951
   363/399     2.19G   0.04695    0.2576  0.007828    0.3124        12      1184     0.687    0.7116    0.7397     0.361   0.04954    0.3452  0.007947
   364/399     2.19G   0.04669     0.257  0.007845    0.3115        12      1184    0.7117     0.691    0.7402      0.36   0.04952    0.3455  0.007944
   365/399     2.19G   0.04654    0.2562  0.007796    0.3105        12      1184    0.6986    0.7058    0.7409    0.3601   0.04951    0.3376  0.007934
   366/399     2.19G   0.04651    0.2569  0.007814    0.3113         9      1184    0.7068    0.6992    0.7411      0.36   0.04954    0.3316  0.007936
   367/399     2.19G   0.04695    0.2571  0.007939     0.312        11      1184    0.6679    0.7355    0.7409    0.3624   0.04955    0.3333  0.007964
   368/399     2.19G   0.04656    0.2581  0.007779    0.3124        11      1184    0.6968    0.6896    0.7365    0.3616   0.04961    0.3438   0.00799
   369/399     2.19G    0.0468    0.2557  0.007963    0.3105         7      1184    0.6769    0.7109    0.7363    0.3606   0.04957    0.3406  0.007992
   370/399     2.19G   0.04656    0.2586  0.007796     0.313        11      1184     0.667    0.7211    0.7378    0.3591   0.04955    0.3399  0.007981
   371/399     2.19G   0.04631     0.256  0.007787    0.3101        10      1184     0.656    0.7386    0.7385    0.3588   0.04954    0.3408  0.007971
   372/399     2.19G   0.04635    0.2564  0.007881    0.3107        10      1184    0.6736    0.7149    0.7395    0.3602   0.04953    0.3363  0.007956
   373/399     2.19G    0.0463    0.2582  0.008127    0.3126        11      1184    0.7115    0.6841    0.7418    0.3608   0.04951    0.3311  0.007958
   374/399     2.19G   0.04667    0.2578  0.007889    0.3123         8      1184    0.7039    0.6966    0.7418    0.3597   0.04952    0.3308  0.007956
   375/399     2.19G   0.04673    0.2549  0.008036    0.3096        12      1184    0.6948    0.6972    0.7406    0.3612   0.04952    0.3367   0.00796
   376/399     2.19G   0.04681     0.258  0.007948    0.3128         6      1184    0.6987    0.6869    0.7402    0.3627   0.04946    0.3337  0.007971
   377/399     2.19G   0.04685    0.2546  0.007816    0.3093         9      1184    0.6756    0.7123    0.7401    0.3624   0.04951    0.3339  0.007994
   378/399     2.19G   0.04689    0.2545  0.007721    0.3091        10      1184    0.6726    0.7123    0.7391    0.3609   0.04953    0.3317  0.008015
   379/399     2.19G    0.0467    0.2563  0.007791    0.3108        11      1184     0.708    0.6878    0.7415    0.3625   0.04946    0.3287  0.008013
   380/399     2.19G   0.04706     0.256  0.007635    0.3107        11      1184    0.6667    0.7289    0.7411    0.3615   0.04944     0.324  0.008002
   381/399     2.19G   0.04674    0.2546  0.008138    0.3095        12      1184    0.7123    0.6833    0.7375    0.3613   0.04941    0.3228  0.007987
   382/399     2.19G   0.04679    0.2544  0.007935    0.3091         8      1184    0.7166    0.6886     0.739    0.3622   0.04938    0.3294  0.007958
   383/399     2.19G   0.04637    0.2575  0.007723    0.3116        11      1184    0.7092    0.6943    0.7374    0.3622   0.04937    0.3266  0.007955
   384/399     2.19G   0.04641    0.2551   0.00776    0.3093        10      1184    0.7164    0.6892    0.7381    0.3623   0.04943    0.3293  0.007956
   385/399     2.19G   0.04639    0.2586  0.007641    0.3126        11      1184    0.7124      0.69     0.738    0.3617   0.04949    0.3325   0.00797
   386/399     2.19G   0.04637    0.2552  0.007837    0.3094        11      1184    0.7016    0.6885    0.7386    0.3603   0.04954    0.3369   0.00798
   387/399     2.19G   0.04647    0.2552   0.00783    0.3095        11      1184    0.7056    0.6921    0.7384    0.3589   0.04967    0.3443  0.007978
   388/399     2.19G    0.0463    0.2529  0.007734     0.307         9      1184     0.676    0.7254    0.7394    0.3583   0.04983    0.3574  0.007985
   389/399     2.19G   0.04602    0.2537  0.007839    0.3076        11      1184    0.6916    0.7093    0.7388    0.3563   0.04991    0.3636  0.007996
   390/399     2.19G   0.04649    0.2545  0.007778    0.3087        12      1184    0.6973    0.7025    0.7384    0.3566   0.04984    0.3614  0.008012
   391/399     2.19G   0.04662    0.2534   0.00758    0.3076        11      1184    0.6886    0.7084    0.7381    0.3562   0.04981    0.3566  0.008031
   392/399     2.19G   0.04632    0.2563  0.007653    0.3102        10      1184    0.6874    0.7073     0.738    0.3552   0.04981    0.3557  0.008037
   393/399     2.19G   0.04629    0.2555  0.007897    0.3097        10      1184    0.6821    0.7136     0.738    0.3565   0.04979    0.3552  0.008049
   394/399     2.19G   0.04642    0.2547  0.007931    0.3091        12      1184    0.6875    0.7083     0.737    0.3558   0.04974    0.3527  0.008046
   395/399     2.19G   0.04648    0.2545   0.00786    0.3088        11      1184    0.6826    0.7137    0.7382    0.3581   0.04979    0.3579  0.008032
   396/399     2.19G   0.04672    0.2545  0.007762     0.309        12      1184    0.6846    0.7075    0.7371     0.359   0.04971    0.3552  0.008021
   397/399     2.19G   0.04675    0.2541  0.007898    0.3088         7      1184    0.6811    0.7107    0.7383    0.3617   0.04967    0.3498  0.008018
   398/399     2.19G   0.04679    0.2553  0.007919      0.31        11      1184    0.6763    0.7166    0.7388    0.3613   0.04962    0.3468  0.007997
   399/399     2.19G   0.04665    0.2557  0.007709    0.3101        10      1184    0.6754    0.7186    0.7374      0.36   0.04961    0.3473  0.007988
