0 0.95643 0.5 0.00685 1
0 0.94272 0.5 0.0099 1
0 0.90693 0.5 0.0099 1
0 0.78317 0.5 0.00762 1
0 0.73633 0.5 0.00838 1
0 0.70091 0.5 0.00914 1
0 0.68263 0.5 0.01371 1
0 0.65902 0.5 0.00762 1
0 0.61942 0.5 0.00914 1
0 0.12932 0.5 0.01142 1
0 0.29383 0.5 0.00838 1
0 0.18758 0.5 0.00762 1
0 0.58248 0.5 0.00838 1
0 0.64569 0.5 0.01142 1
0 0.02917 0.5 0.00609 1
0 0.4987 0.5 0.01142 1
0 0.56839 0.5 0.00762 1
0 0.09657 0.5 0.00685 1
0 0.07601 0.5 0.00838 1
0 0.45263 0.5 0.00762 1
0 0.81211 0.5 0.00914 1
