0 0.10603 0.5 0.02441 1
0 0.35423 0.5 0.02558 1
0 0.31964 0.5 0.02034 1
0 0.28244 0.5 0.01918 1
0 0.25512 0.5 0.01802 1
0 0.21734 0.5 0.01802 1
0 0.18566 0.5 0.01395 1
0 0.19932 0.5 0.01337 1
0 0.42631 0.5 0.01395 1
0 0.38823 0.5 0.01104 1
0 0.4763 0.5 0.01279 1
0 0.4917 0.5 0.01686 1
0 0.51408 0.5 0.0279 1
0 0.54692 0.5 0.01918 1
0 0.67393 0.5 0.02441 1
0 0.77507 0.5 0.01511 1
0 0.79948 0.5 0.01744 1
0 0.88725 0.5 0.01395 1
0 0.91922 0.5 0.01744 1
0 0.93433 0.5 0.01628 1
0 0.98316 0.5 0.01628 1
0 0.97008 0.5 0.01453 1
0 0.82535 0.5 0.02383 1
