0 0.022 0.5 0.00361 1
0 0.04769 0.5 0.00992 1
0 0.08059 0.5 0.00721 1
0 0.13287 0.5 0.01082 1
0 0.17388 0.5 0.00631 1
0 0.18741 0.5 0.00631 1
0 0.19687 0.5 0.00721 1
0 0.26222 0.5 0.01352 1
0 0.30414 0.5 0.01262 1
0 0.37084 0.5 0.00721 1
0 0.40149 0.5 0.00721 1
0 0.5038 0.5 0.00992 1
0 0.39292 0.5 0.01352 1
0 0.82109 0.5 0.00631 1
0 0.52092 0.5 0.00811 1
0 0.13558 0.5 0.01623 1
0 0.26493 0.5 0.01352 1
0 0.52047 0.5 0.01082 1
0 0.50515 0.5 0.00901 1
0 0.37129 0.5 0.00992 1
0 0.30008 0.5 0.02073 1
0 0.08059 0.5 0.01262 1
