0 0.05425 0.5 0.00447 1
0 0.09297 0.5 0.00596 1
0 0.1533 0.5 0.00447 1
0 0.18234 0.5 0.00745 1
0 0.51599 0.5 0.00596 1
0 0.88724 0.5 0.00521 1
0 0.87719 0.5 0.00745 1
0 0.85261 0.5 0.00745 1
0 0.83884 0.5 0.0067 1
0 0.81798 0.5 0.0067 1
0 0.79415 0.5 0.0067 1
0 0.77218 0.5 0.00745 1
0 0.72266 0.5 0.00819 1
0 0.66829 0.5 0.0067 1
0 0.64855 0.5 0.00745 1
0 0.60536 0.5 0.02383 1
0 0.99635 0.5 0.01043 1
0 0.47763 0.5 0.01713 1
0 0.19612 0.5 0.0067 1
0 0.23261 0.5 0.00968 1
0 0.21884 0.5 0.00596 1
