0 0.3256 0.5 0.01224 1
0 0.4158 0.5 0.01143 1
0 0.7725 0.5 0.01306 1
0 0.86351 0.5 0.01224 1
0 0.97533 0.5 0.01388 1
0 0.30071 0.5 0.00816 1
0 0.30887 0.5 0.00816 1
0 0.56436 0.5 0.01306 1
0 0.54273 0.5 0.01551 1
0 0.5011 0.5 0.00735 1
0 0.3505 0.5 0.01143 1
0 0.10318 0.5 0.01306 1
0 0.0187 0.5 0.00898 1
0 0.07787 0.5 0.01143 1
0 0.39825 0.5 0.01061 1
0 0.64394 0.5 0.00898 1
0 0.70801 0.5 0.00979 1
0 0.80066 0.5 0.01061 1
0 0.11705 0.5 0.01143 1
0 0.8178 0.5 0.00898 1
0 0.85004 0.5 0.01143 1
0 0.93697 0.5 0.01061 1
