0 0.01694 0.5 0.0088 1
0 0.1193 0.5 0.01101 1
0 0.0296 0.5 0.0077 1
0 0.13526 0.5 0.00991 1
0 0.19084 0.5 0.0088 1
0 0.16057 0.5 0.00991 1
0 0.24422 0.5 0.0077 1
0 0.32732 0.5 0.0088 1
0 0.30971 0.5 0.0088 1
0 0.2888 0.5 0.0088 1
0 0.27064 0.5 0.0077 1
0 0.21781 0.5 0.0077 1
0 0.20625 0.5 0.01101 1
0 0.42637 0.5 0.0088 1
0 0.51717 0.5 0.0077 1
0 0.58706 0.5 0.0066 1
0 0.53148 0.5 0.01211 1
0 0.64429 0.5 0.0066 1
0 0.62779 0.5 0.0088 1
0 0.61403 0.5 0.00991 1
0 0.75416 0.5 0.0077 1
0 0.79488 0.5 0.00991 1
0 0.65455 0.5 0.0088 1
0 0.94722 0.5 0.0088 1
0 0.98244 0.5 0.0066 1
0 0.96097 0.5 0.01431 1
