0 0.7867 0.5 0.00819 1
0 0.75989 0.5 0.0067 1
0 0.70888 0.5 0.00894 1
0 0.67499 0.5 0.00521 1
0 0.57743 0.5 0.0067 1
0 0.56142 0.5 0.00745 1
0 0.45939 0.5 0.00447 1
0 0.45343 0.5 0.00596 1
0 0.36443 0.5 0.00521 1
0 0.35661 0.5 0.00596 1
0 0.3406 0.5 0.0067 1
0 0.32682 0.5 0.00596 1
0 0.31342 0.5 0.00596 1
0 0.29033 0.5 0.00745 1
0 0.24267 0.5 0.00596 1
0 0.18458 0.5 0.00596 1
0 0.16931 0.5 0.00521 1
0 0.11085 0.5 0.00596 1
0 0.08776 0.5 0.00596 1
0 0.05052 0.5 0.00596 1
0 0.84777 0.5 0.00521 1
