0 0.08429 0.5 0.00876 1
0 0.32231 0.5 0.00876 1
0 0.30479 0.5 0.00584 1
0 0.29201 0.5 0.00803 1
0 0.98509 0.5 0.00876 1
0 0.96867 0.5 0.00657 1
0 0.94786 0.5 0.0073 1
0 0.92194 0.5 0.00511 1
0 0.90989 0.5 0.0073 1
0 0.86973 0.5 0.01022 1
0 0.85659 0.5 0.0073 1
0 0.78394 0.5 0.00803 1
0 0.72371 0.5 0.00876 1
0 0.65471 0.5 0.00511 1
0 0.63865 0.5 0.00803 1
0 0.62405 0.5 0.00657 1
0 0.61236 0.5 0.01971 1
0 0.59155 0.5 0.0073 1
0 0.58535 0.5 0.00511 1
0 0.5733 0.5 0.01752 1
0 0.34441 0.5 0.00657 1
