0 0.05804 0.5 0.00798 1
0 0.00178 0.5 0.00906 1
0 0.0856 0.5 0.00628 1
0 0.03857 0.5 0.00861 1
0 0.01642 0.5 0.00701 1
0 0.07513 0.5 0.00573 1
0 0.25061 0.5 0.00584 1
0 0.28101 0.5 0.00723 1
0 0.29469 0.5 0.0054 1
0 0.1298 0.5 0.00737 1
0 0.31297 0.5 0.00629 1
0 0.33554 0.5 0.00701 1
0 0.34585 0.5 0.00828 1
0 0.36558 0.5 0.00808 1
0 0.41759 0.5 0.0087 1
0 0.61948 0.5 0.01083 1
0 0.77826 0.5 0.00715 1
0 0.82876 0.5 0.0086 1
0 0.89309 0.5 0.00602 1
0 0.58543 0.5 0.00624 1
0 0.60462 0.5 0.00633 1
0 0.26091 0.5 0.00684 1
