0 0.90028 0.5 0.00596 1
0 0.89022 0.5 0.00968 1
0 0.82692 0.5 0.01266 1
0 0.7558 0.5 0.00596 1
0 0.72787 0.5 0.0067 1
0 0.60387 0.5 0.00894 1
0 0.56738 0.5 0.01043 1
0 0.5037 0.5 0.0067 1
0 0.36741 0.5 0.0067 1
0 0.40577 0.5 0.00447 1
0 0.3514 0.5 0.00894 1
0 0.33651 0.5 0.00894 1
0 0.31007 0.5 0.00819 1
0 0.28065 0.5 0.00745 1
0 0.25719 0.5 0.0067 1
0 0.22628 0.5 0.00596 1
0 0.21437 0.5 0.00894 1
0 0.18458 0.5 0.00894 1
0 0.16857 0.5 0.0067 1
0 0.08404 0.5 0.00745 1
0 0.00882 0.5 0.00596 1
