0 0.04209 0.5 0.00591 1
0 0.05068 0.5 0.00563 1
0 0.06025 0.5 0.00507 1
0 0.08628 0.5 0.00535 1
0 0.10739 0.5 0.00647 1
0 0.1261 0.5 0.00844 1
0 0.1413 0.5 0.00563 1
0 0.1831 0.5 0.00704 1
0 0.22728 0.5 0.00591 1
0 0.23995 0.5 0.00647 1
0 0.33957 0.5 0.00535 1
0 0.35617 0.5 0.01435 1
0 0.38108 0.5 0.00563 1
0 0.38797 0.5 0.00647 1
0 0.40303 0.5 0.00619 1
0 0.4088 0.5 0.00535 1
0 0.44905 0.5 0.00647 1
0 0.32451 0.5 0.00563 1
0 0.55345 0.5 0.00563 1
0 0.66394 0.5 0.00591 1
0 0.69691 0.5 0.00929 1
0 0.76179 0.5 0.00563 1
0 0.89651 0.5 0.00647 1
0 0.30376 0.5 0.01126 1
0 0.21041 0.5 0.01632 1
