0 0.0391 0.5 0.00898 1
0 0.09134 0.5 0.01061 1
0 0.19827 0.5 0.00735 1
0 0.33907 0.5 0.00816 1
0 0.05502 0.5 0.0049 1
0 0.11175 0.5 0.00571 1
0 0.11828 0.5 0.00571 1
0 0.14317 0.5 0.00979 1
0 0.28724 0.5 0.00408 1
0 0.44518 0.5 0.0049 1
0 0.41376 0.5 0.00735 1
0 0.39417 0.5 0.00735 1
0 0.36764 0.5 0.00653 1
0 0.29948 0.5 0.00571 1
0 0.06767 0.5 0.00735 1
0 0.03053 0.5 0.00816 1
0 0.56966 0.5 0.00408 1
0 0.99411 0.5 0.00408 1
0 0.98758 0.5 0.00408 1
0 0.1644 0.5 0.00816 1
0 0.20643 0.5 0.00408 1
0 0.22153 0.5 0.0049 1
