0 0.709008 0.5 0.0105559 1 0.307617
0 0.747361 0.5 0.00844476 0.987654 0.328125
0 0.402885 0.5 0.00914849 1 0.368896
0 0.779733 0.503086 0.00844476 0.993827 0.398926
0 0.923293 0.5 0.00844476 0.987654 0.400391
0 0.714286 0.503086 0.00985222 0.981481 0.403809
0 0.699507 0.5 0.00844476 1 0.422119
0 0.657284 0.5 0.00985222 1 0.429443
0 0.870514 0.503086 0.00844476 0.993827 0.432373
0 0.821956 0.496914 0.0112597 0.993827 0.436768
0 0.968684 0.5 0.0105559 1 0.505371
0 0.902885 0.5 0.00844476 0.987654 0.515625
0 0.532723 0.5 0.00844476 1 0.519531
0 0.522871 0.5 0.00844476 1 0.53418
0 0.722379 0.5 0.0133709 1 0.549805
0 0.19247 0.503086 0.00914849 0.993827 0.55127
1 0.358198 0.5 0.0168895 1 0.605469
0 0.858902 0.5 0.0105559 1 0.647949
1 0.607319 0.5 0.018297 1 0.650391
0 0.265306 0.5 0.0112597 1 0.654785
