0 0.780436 0.5 0.0112597 1 0.317627
0 0.144616 0.5 0.00914849 1 0.340576
0 0.403941 0.503086 0.00844476 0.993827 0.343506
0 0.714989 0.503086 0.00844476 0.993827 0.349121
0 0.524982 0.503086 0.00985222 0.993827 0.366943
0 0.313863 0.5 0.00844476 1 0.428223
0 0.109078 0.5 0.00844476 1 0.4729
0 0.172766 0.5 0.00914849 0.987654 0.483398
0 0.214286 0.5 0.00774103 1 0.548828
0 0.39057 0.503086 0.00844476 0.993827 0.565918
0 0.78677 0.5 0.00985222 0.987654 0.598633
0 0.121745 0.503086 0.00844476 0.993827 0.60498
0 0.701619 0.506173 0.00844476 0.987654 0.611328
0 0.372977 0.5 0.00844476 1 0.614258
0 0.234342 0.5 0.0112597 1 0.617676
0 0.811049 0.5 0.00914849 1 0.62793
0 0.26038 0.503086 0.00985222 0.993827 0.635254
0 0.0453906 0.5 0.00914849 1 0.66748
0 0.502111 0.503086 0.00914849 0.993827 0.676758
0 0.335327 0.5 0.00914849 1 0.684082
0 0.0594652 0.5 0.00914849 1 0.734863
