1 0.0267417 0.5 0.0140746 1 0.307617
1 0.987333 0.5 0.0112597 1 0.354004
0 0.487333 0.5 0.00914849 1 0.356445
0 0.392329 0.5 0.0133709 1 0.407227
0 0.267065 0.496914 0.0105559 0.993827 0.432617
0 0.64532 0.5 0.00844476 1 0.434082
1 0.392329 0.5 0.0147783 1 0.445312
0 0.988388 0.5 0.0119634 1 0.475586
0 0.0263899 0.5 0.0133709 1 0.520508
0 0.821604 0.503086 0.00914849 0.993827 0.539062
0 0.506685 0.5 0.00985222 1 0.551758
0 0.137931 0.5 0.00985222 1 0.556152
0 0.352217 0.496914 0.00914849 0.993827 0.588867
0 0.0112597 0.503086 0.00844476 0.993827 0.653809
0 0.0721323 0.5 0.00914849 1 0.671387
