0 0.057354 0.496914 0.00914849 0.981481 0.303955
0 0.159395 0.5 0.00774103 0.987654 0.312744
0 0.684377 0.5 0.00914849 1 0.326904
0 0.588318 0.496914 0.00844476 0.993827 0.376709
0 0.0615764 0.496914 0.00914849 0.993827 0.417725
0 0.346235 0.5 0.00844476 1 0.470459
0 0.542576 0.5 0.00844476 1 0.471436
0 0.648839 0.5 0.00844476 1 0.478027
0 0.69247 0.5 0.00844476 1 0.487793
0 0.209008 0.496914 0.00844476 0.993827 0.498291
0 0.279029 0.5 0.00914849 1 0.560547
0 0.653765 0.5 0.0112597 1 0.575684
0 0.699859 0.5 0.0105559 1 0.603516
0 0.898663 0.496914 0.00844476 0.993827 0.6875
0 0.733286 0.5 0.00985222 1 0.697266
