0 0.0883181 0.5 0.00774103 1 0.3396
0 0.869106 0.5 0.0154821 1 0.344238
0 0.404996 0.5 0.00914849 1 0.346191
1 0.0619282 0.5 0.0140746 1 0.368896
0 0.0626319 0.5 0.0126671 1 0.379883
0 0.585151 0.503086 0.00914849 0.993827 0.406982
1 0.862069 0.5 0.0140746 1 0.410645
0 0.862421 0.5 0.0133709 1 0.520996
0 0.25651 0.5 0.0105559 1 0.526367
1 0.673118 0.5 0.0175932 1 0.576172
0 0.909923 0.5 0.00844476 1 0.594238
1 0.975369 0.5 0.018297 1 0.615723
0 0.895848 0.5 0.00844476 1 0.640137
0 0.818086 0.5 0.00914849 1 0.680176
1 0.290289 0.5 0.0204082 1 0.723145
0 0.803659 0.5 0.00844476 1 0.726074
