0 0.409571 0.5 0.0112597 1 0.344971
1 0.142153 0.5 0.0126671 1 0.358398
0 0.450387 0.503086 0.00844476 0.993827 0.365234
0 0.375088 0.503086 0.00844476 0.993827 0.369141
0 0.501407 0.496914 0.00774103 0.993827 0.374756
0 0.0700211 0.5 0.00914849 0.987654 0.401855
0 0.117523 0.503086 0.00844476 0.993827 0.413086
0 0.0246305 0.5 0.0112597 1 0.414062
1 0.0270936 0.5 0.0147783 1 0.418701
0 0.99437 0.5 0.00844476 1 0.543945
0 0.164673 0.503086 0.0112597 0.993827 0.549316
0 0.14145 0.5 0.0112597 1 0.564453
0 0.367347 0.503086 0.00844476 0.993827 0.598145
0 0.415552 0.5 0.0119634 1 0.598633
0 0.00914849 0.496914 0.00985222 0.993827 0.601562
0 0.492611 0.5 0.00844476 1 0.628418
0 0.0577058 0.5 0.00985222 1 0.638672
0 0.527797 0.5 0.00985222 0.987654 0.652832
0 0.704785 0.5 0.0119634 1 0.657715
0 0.308937 0.5 0.00985222 1 0.658691
