0 0.0380014 0.503086 0.00844476 0.993827 0.319092
0 0.6981 0.5 0.0154821 0.987654 0.327148
1 0.514075 0.503086 0.0147783 0.993827 0.330078
0 0.364532 0.496914 0.00844476 0.993827 0.376953
0 0.86981 0.5 0.00844476 1 0.379639
0 0.691766 0.5 0.00844476 1 0.490479
0 0.704785 0.5 0.0105559 0.975309 0.516113
0 0.178747 0.5 0.00844476 0.987654 0.550293
0 0.513723 0.5 0.0126671 1 0.560547
0 0.668543 0.5 0.00844476 1 0.593262
0 0.563336 0.496914 0.0105559 0.993827 0.624512
0 0.799437 0.5 0.00985222 1 0.647461
0 0.626671 0.5 0.0105559 1 0.658691
0 0.404293 0.5 0.0105559 1 0.678711
0 0.470091 0.5 0.00985222 1 0.713867
