0 0.596763 0.503086 0.0070373 0.993827 0.349854
0 0.403589 0.503086 0.00914849 0.993827 0.369141
0 0.0299085 0.496914 0.00774103 0.993827 0.413574
0 0.0165376 0.503086 0.00914849 0.993827 0.435303
0 0.00457424 0.496914 0.00914849 0.993827 0.445557
0 0.0900774 0.5 0.00844476 1 0.446533
0 0.933849 0.496914 0.00844476 0.993827 0.460938
0 0.206193 0.5 0.00844476 1 0.463623
0 0.0457424 0.5 0.0126671 1 0.488037
0 0.690711 0.5 0.0133709 1 0.538574
0 0.352217 0.5 0.00914849 1 0.572266
0 0.282548 0.5 0.0105559 1 0.584473
0 0.502815 0.5 0.0119634 1 0.614746
0 0.0795215 0.503086 0.00844476 0.993827 0.655273
1 0.32266 0.5 0.0204082 1 0.682129
