0 0.655172 0.5 0.00844476 1 0.316162
0 0.572484 0.5 0.0161858 1 0.324463
0 0.610134 0.5 0.0154821 1 0.369141
0 0.96974 0.5 0.00844476 1 0.407227
0 0.948276 0.5 0.0119634 1 0.466553
0 0.32266 0.5 0.00914849 1 0.469971
0 0.638987 0.5 0.00985222 0.987654 0.476562
0 0.910626 0.496914 0.00844476 0.993827 0.492188
0 0.856791 0.5 0.00914849 1 0.503906
0 0.922238 0.5 0.0105559 1 0.509766
0 0.0844476 0.503086 0.00844476 0.993827 0.516113
0 0.871569 0.503086 0.0105559 0.993827 0.524902
0 0.591837 0.5 0.00844476 0.987654 0.526855
1 0.610486 0.496914 0.0175932 0.993827 0.556641
1 0.572132 0.5 0.0168895 1 0.594238
0 0.783955 0.5 0.0112597 1 0.621582
0 0.304715 0.5 0.00844476 1 0.652832
