0 0.0967628 0.503086 0.00914849 0.993827 0.306641
0 0.701619 0.506173 0.00985222 0.987654 0.456787
0 0.128079 0.503086 0.00985222 0.993827 0.49585
0 0.783251 0.5 0.00844476 1 0.498535
0 0.736453 0.503086 0.0105559 0.993827 0.51123
0 0.294159 0.5 0.0112597 1 0.544922
0 0.187544 0.5 0.00914849 1 0.5625
0 0.582688 0.5 0.00844476 0.987654 0.575195
1 0.684025 0.503086 0.0140746 0.993827 0.621582
0 0.957072 0.503086 0.00844476 0.993827 0.622559
1 0.500704 0.5 0.0190007 0.987654 0.634277
1 0.647431 0.493827 0.018297 0.987654 0.668457
0 0.61893 0.5 0.00914849 1 0.676758
0 0.906404 0.5 0.00985222 1 0.703125
0 0.942294 0.5 0.00844476 1 0.718262
