0 0.821604 0.503086 0.00914849 0.993827 0.314941
0 0.176988 0.5 0.00774103 1 0.359375
1 0.901126 0.5 0.0147783 1 0.42041
0 0.64708 0.503086 0.0105559 0.981481 0.444336
0 0.618227 0.5 0.0147783 1 0.457031
0 0.901478 0.5 0.0168895 1 0.463623
1 0.618578 0.503086 0.0140746 0.993827 0.478516
0 0.79803 0.5 0.00844476 1 0.524414
0 0.15658 0.503086 0.00914849 0.993827 0.556641
1 0.754398 0.5 0.0197044 1 0.56543
0 0.810345 0.503086 0.0105559 0.993827 0.573242
0 0.134061 0.503086 0.00914849 0.993827 0.666016
