0 0.923997 0.5 0.00844476 1 0.362061
0 0.344124 0.5 0.00844476 1 0.38916
0 0.821956 0.5 0.00844476 1 0.424805
0 0.0246305 0.503086 0.00844476 0.969136 0.549805
0 0.376847 0.5 0.00914849 1 0.585938
0 0.730823 0.496914 0.00914849 0.993827 0.61084
0 0.230823 0.5 0.00985222 0.975309 0.64502
0 0.215341 0.5 0.00844476 1 0.649414
0 0.418015 0.5 0.00985222 1 0.65625
0 0.670654 0.5 0.00985222 1 0.665527
0 0.692822 0.5 0.00914849 0.987654 0.688477
0 0.46974 0.5 0.00914849 1 0.706543
0 0.200211 0.5 0.00914849 1 0.713379
