0 0.450387 0.5 0.00844476 1 0.30957
0 0.440183 0.5 0.00774103 1 0.349121
0 0.641802 0.503086 0.00844476 0.993827 0.412598
0 0.555243 0.5 0.00844476 1 0.455322
0 0.36031 0.5 0.00844476 1 0.489502
0 0.0675581 0.5 0.00844476 1 0.562012
0 0.662913 0.5 0.00844476 1 0.583008
0 0.581281 0.5 0.00844476 1 0.601562
0 0.419423 0.5 0.00844476 1 0.614258
0 0.529557 0.5 0.00914849 1 0.626953
0 0.755102 0.5 0.00985222 1 0.646973
0 0.299437 0.5 0.00914849 1 0.658203
0 0.716749 0.5 0.0119634 1 0.687988
0 0.345179 0.5 0.00914849 1 0.70459
0 0.31879 0.5 0.00844476 1 0.706055
