0 0.533779 0.5 0.0105559 1 0.328125
0 0.449683 0.503086 0.00844476 0.993827 0.32959
1 0.561224 0.506173 0.0133709 0.987654 0.331055
0 0.0453906 0.5 0.00914849 1 0.390869
0 0.951091 0.5 0.0105559 1 0.408203
0 0.922238 0.5 0.0105559 1 0.476074
0 0.183673 0.5 0.00844476 1 0.48584
1 0.81703 0.5 0.0154821 1 0.496094
0 0.526742 0.496914 0.00914849 0.993827 0.507324
0 0.380718 0.503086 0.00844476 0.993827 0.545898
0 0.560873 0.5 0.0112597 1 0.562012
0 0.846235 0.5 0.0105559 1 0.584473
0 0.504574 0.506173 0.00985222 0.987654 0.612793
0 0.439479 0.503086 0.00914849 0.993827 0.671387
0 0.970443 0.503086 0.00985222 0.993827 0.710938
