0 0.574243 0.5 0.00844476 1 0.328369
0 0.178395 0.5 0.0133709 1 0.37207
1 0.213934 0.5 0.0140746 0.987654 0.468018
1 0.194229 0.5 0.0126671 1 0.47876
0 0.194229 0.503086 0.00985222 0.993827 0.499023
0 0.258269 0.496914 0.00844476 0.981481 0.526855
0 0.280788 0.503086 0.00844476 0.993827 0.553711
0 0.267417 0.5 0.00844476 0.975309 0.575195
1 0.178395 0.5 0.0133709 0.962963 0.585449
0 0.302956 0.503086 0.00914849 0.993827 0.587402
0 0.23962 0.496914 0.0119634 0.993827 0.599121
0 0.326531 0.5 0.00985222 1 0.669922
