0 0.363125 0.496914 0.00985222 0.993827 0.315918
0 0.499648 0.5 0.00844476 0.987654 0.342285
0 0.304363 0.5 0.00914849 1 0.343506
0 0.431738 0.5 0.00774103 1 0.390137
0 0.992259 0.5 0.00844476 1 0.418457
0 0.722027 0.5 0.00985222 1 0.455322
0 0.914849 0.5 0.00844476 1 0.467529
0 0.448628 0.503086 0.00914849 0.981481 0.470703
0 0.743842 0.5 0.00844476 1 0.476807
0 0.891977 0.5 0.0133709 1 0.510254
1 0.892681 0.5 0.0147783 1 0.512207
0 0.532372 0.5 0.0119634 1 0.51709
0 0.486629 0.5 0.00914849 1 0.5625
0 0.754398 0.503086 0.00844476 0.981481 0.584961
0 0.351513 0.5 0.0105559 1 0.588867
0 0.961999 0.503086 0.00844476 0.993827 0.590332
0 0.676284 0.503086 0.00985222 0.993827 0.591309
0 0.523575 0.503086 0.00844476 0.981481 0.600586
0 0.935961 0.5 0.00985222 1 0.602539
0 0.598522 0.5 0.0105559 1 0.611816
0 0.280436 0.496914 0.00914849 0.993827 0.643555
0 0.576707 0.503086 0.00914849 0.993827 0.650879
0 0.0971147 0.5 0.00985222 1 0.703125
0 0.876144 0.5 0.00844476 1 0.703613
0 0.386699 0.5 0.00914849 1 0.716309
