0 0.760732 0.5 0.00844476 0.987654 0.301514
1 0.447572 0.5 0.0140746 0.987654 0.391357
0 0.821253 0.5 0.00844476 1 0.431885
0 0.44722 0.5 0.0119634 1 0.458496
0 0.636172 0.5 0.00844476 1 0.477295
0 0.553483 0.496914 0.00914849 0.993827 0.478516
0 0.858902 0.503086 0.00914849 0.993827 0.515137
0 0.837438 0.5 0.0112597 1 0.549805
0 0.611893 0.503086 0.00914849 0.993827 0.558594
0 0.467628 0.5 0.00914849 0.987654 0.571777
0 0.675581 0.5 0.00844476 1 0.577148
0 0.430331 0.5 0.00914849 0.987654 0.620117
0 0.722379 0.5 0.00914849 1 0.638184
0 0.880014 0.503086 0.0105559 0.993827 0.664551
