0 0.43772 0.5 0.00844476 1 0.303467
0 0.914145 0.5 0.00844476 0.987654 0.335449
0 0.553132 0.5 0.00844476 1 0.39209
0 0.291696 0.5 0.00774103 1 0.473145
0 0.601689 0.5 0.00844476 1 0.491699
0 0.492611 0.5 0.00844476 1 0.520996
0 0.37931 0.5 0.00844476 1 0.528809
0 0.810345 0.5 0.00914849 1 0.535156
0 0.857143 0.5 0.00844476 1 0.544922
0 0.394089 0.5 0.00844476 1 0.5625
0 0.211471 0.5 0.00914849 1 0.610352
0 0.305419 0.5 0.00844476 1 0.660645
0 0.897255 0.503086 0.00844476 0.993827 0.685059
0 0.759324 0.5 0.00985222 0.987654 0.686523
0 0.0608726 0.5 0.00914849 1 0.709473
0 0.277973 0.493827 0.00985222 0.987654 0.710938
0 0.0235749 0.5 0.00914849 1 0.712402
0 0.356087 0.5 0.00985222 1 0.726562
