0 0.483814 0.496914 0.00774103 0.993827 0.303955
0 0.634061 0.496914 0.00844476 0.993827 0.358398
0 0.078114 0.503086 0.00844476 0.993827 0.368896
0 0.697396 0.503086 0.00844476 0.993827 0.401855
0 0.252639 0.503086 0.00844476 0.993827 0.533691
0 0.501056 0.496914 0.00844476 0.993827 0.568359
0 0.465165 0.5 0.00844476 1 0.595703
0 0.978888 0.496914 0.00844476 0.993827 0.657715
0 0.887403 0.5 0.00844476 1 0.681641
0 0.862773 0.5 0.00985222 1 0.689941
0 0.828994 0.5 0.00985222 1 0.699219
0 0.939479 0.503086 0.00844476 0.993827 0.708008
