0 0.674525 0.5 0.0105559 1 0.317871
0 0.931386 0.503086 0.0119634 0.993827 0.358398
0 0.421534 0.503086 0.00844476 0.993827 0.362061
1 0.898663 0.5 0.0112597 1 0.365967
1 0.933146 0.5 0.0154821 1 0.373535
0 0.327234 0.5 0.00844476 1 0.38623
0 0.899719 0.503086 0.0119634 0.993827 0.45752
1 0.676988 0.506173 0.018297 0.987654 0.462158
0 0.521464 0.5 0.00844476 1 0.473877
0 0.912034 0.503086 0.00844476 0.993827 0.496582
0 0.463758 0.503086 0.00844476 0.993827 0.536133
0 0.985574 0.503086 0.0105559 0.993827 0.560547
0 0.954961 0.5 0.00844476 1 0.568848
0 0.634061 0.5 0.00844476 1 0.584961
0 0.172766 0.5 0.00914849 1 0.609863
