0 0.30753 0.503086 0.00844476 0.993827 0.353516
0 0.456017 0.5 0.00844476 0.975309 0.383545
0 0.632301 0.5 0.00774103 1 0.38501
0 0.299789 0.5 0.00844476 1 0.426025
0 0.166432 0.490741 0.0105559 0.981481 0.477539
0 0.153413 0.5 0.00844476 0.975309 0.496094
0 0.159747 0.503086 0.0112597 0.993827 0.509277
0 0.644616 0.493827 0.00844476 0.987654 0.551758
0 0.170654 0.496914 0.00774103 0.993827 0.568359
0 0.195285 0.5 0.00774103 1 0.580078
0 0.33216 0.5 0.00844476 1 0.583984
0 0.183322 0.496914 0.00774103 0.993827 0.589355
0 0.353272 0.503086 0.00844476 0.993827 0.589844
0 0.875088 0.496914 0.0119634 0.993827 0.623047
0 0.91696 0.503086 0.00844476 0.993827 0.639648
0 0.274455 0.5 0.00844476 0.987654 0.645508
0 0.110134 0.5 0.00914849 1 0.681641
