0 0.287474 0.5 0.00774103 1 0.310059
0 0.230471 0.5 0.00774103 1 0.335205
0 0.770936 0.5 0.00914849 1 0.401855
0 0.46235 0.5 0.00844476 1 0.412842
0 0.204082 0.5 0.00844476 1 0.512695
0 0.553132 0.5 0.00844476 1 0.546387
0 0.355735 0.5 0.00914849 1 0.55127
0 0.813512 0.5 0.00844476 1 0.564941
0 0.674877 0.5 0.00985222 1 0.612793
0 0.377551 0.496914 0.00914849 0.993827 0.615723
0 0.298381 0.5 0.00844476 0.987654 0.650879
0 0.184729 0.5 0.00914849 1 0.652344
0 0.241731 0.503086 0.00914849 0.993827 0.660156
0 0.0633357 0.5 0.00985222 1 0.693848
0 0.722379 0.5 0.00914849 1 0.697754
0 0.260732 0.5 0.00914849 1 0.709473
0 0.144265 0.5 0.00985222 1 0.713379
