0 0.414145 0.496914 0.00774103 0.993827 0.387695
0 0.278677 0.496914 0.0070373 0.981481 0.406006
0 0.176284 0.5 0.00914849 0.987654 0.527832
0 0.286418 0.5 0.00844476 0.987654 0.528809
0 0.316678 0.503086 0.00844476 0.993827 0.53125
0 0.268121 0.506173 0.00844476 0.987654 0.556152
0 0.426812 0.503086 0.00914849 0.981481 0.571289
0 0.574243 0.506173 0.00844476 0.987654 0.592773
0 0.893033 0.5 0.00844476 1 0.599121
0 0.403237 0.503086 0.00985222 0.993827 0.657715
0 0.00914849 0.5 0.00985222 1 0.668457
0 0.0341309 0.5 0.00914849 1 0.668945
0 0.857143 0.5 0.0112597 1 0.686035
0 0.114356 0.5 0.00914849 1 0.706055
0 0.248417 0.5 0.00985222 1 0.71582
