0 0.495778 0.503086 0.0133709 0.993827 0.306641
0 0.621393 0.503086 0.00844476 0.993827 0.307373
1 0.478888 0.5 0.0133709 1 0.39917
0 0.711119 0.5 0.00914849 1 0.407715
0 0.300493 0.5 0.0140746 1 0.434082
0 0.0971147 0.5 0.00844476 1 0.447754
0 0.478184 0.496914 0.0119634 0.993827 0.469727
0 0.876144 0.503086 0.00844476 0.981481 0.491943
0 0.864884 0.503086 0.00844476 0.969136 0.497559
0 0.778677 0.5 0.00914849 1 0.514648
1 0.300493 0.5 0.0154821 1 0.515137
0 0.380014 0.5 0.00844476 1 0.546875
0 0.853624 0.503086 0.00844476 0.993827 0.565918
1 0.497537 0.5 0.0154821 1 0.572754
0 0.65095 0.5 0.00985222 1 0.615234
0 0.142857 0.5 0.00844476 1 0.64502
0 0.829697 0.503086 0.00844476 0.993827 0.669922
0 0.0225194 0.5 0.00985222 1 0.677246
0 0.729416 0.5 0.00914849 1 0.695801
