0 0.805067 0.5 0.00844476 1 0.380127
1 0.214989 0.496914 0.0147783 0.993827 0.406738
1 0.359958 0.5 0.0133709 1 0.422852
0 0.214989 0.5 0.0133709 1 0.46167
0 0.385644 0.5 0.00844476 1 0.470459
0 0.36031 0.496914 0.0126671 0.993827 0.471924
0 0.271992 0.5 0.0119634 1 0.48999
0 0.844476 0.5 0.00844476 1 0.543945
0 0.0401126 0.5 0.00844476 1 0.555664
0 0.945109 0.5 0.00844476 1 0.604492
0 0.491203 0.5 0.0112597 1 0.625488
0 0.786418 0.5 0.00914849 1 0.625977
0 0.578114 0.5 0.0105559 1 0.638672
0 0.828642 0.5 0.00914849 1 0.65625
0 0.672766 0.5 0.00985222 1 0.665039
