0 0.463054 0.496914 0.00844476 0.993827 0.301758
0 0.821253 0.5 0.00844476 0.987654 0.353027
0 0.662913 0.5 0.00844476 1 0.395264
0 0.299437 0.5 0.00914849 1 0.427002
0 0.869106 0.5 0.00844476 1 0.472412
0 0.238213 0.5 0.00914849 1 0.478027
0 0.630542 0.496914 0.00844476 0.993827 0.482666
0 0.776918 0.5 0.00844476 1 0.48584
0 0.496833 0.5 0.00844476 0.987654 0.504883
0 0.945109 0.5 0.00844476 1 0.574707
0 0.330049 0.5 0.00844476 1 0.586426
0 0.740324 0.496914 0.00985222 0.981481 0.591309
0 0.707952 0.5 0.00844476 1 0.608398
0 0.414497 0.5 0.00844476 1 0.647461
0 0.63969 0.506173 0.00844476 0.987654 0.649414
0 0.585151 0.5 0.00914849 1 0.651855
0 0.401126 0.5 0.00844476 1 0.684082
0 0.388107 0.5 0.00914849 1 0.740234
