1 0.741027 0.509259 0.0126671 0.981481 0.307861
0 0.00457424 0.496914 0.00774103 0.981481 0.374756
0 0.235398 0.5 0.00914849 1 0.419434
0 0.876847 0.5 0.00844476 1 0.475098
0 0.740324 0.503086 0.0112597 0.981481 0.505859
0 0.426108 0.5 0.00914849 1 0.520996
0 0.288177 0.503086 0.00914849 0.993827 0.574219
0 0.494722 0.503086 0.00844476 0.993827 0.59082
0 0.256861 0.503086 0.00844476 0.993827 0.59375
0 0.460943 0.5 0.00985222 1 0.604492
0 0.551724 0.503086 0.00844476 0.993827 0.611816
0 0.602745 0.5 0.0105559 1 0.612793
0 0.982407 0.5 0.00844476 1 0.614746
0 0.576003 0.5 0.0105559 1 0.630859
0 0.119282 0.503086 0.00914849 0.993827 0.635254
0 0.046798 0.5 0.0105559 1 0.668457
0 0.193174 0.5 0.00914849 1 0.696777
1 0.344124 0.5 0.0225194 1 0.736816
