0 0.529909 0.512346 0.00844476 0.975309 0.327637
0 0.078114 0.496914 0.0126671 0.993827 0.348633
0 0.27164 0.5 0.00844476 1 0.354004
0 0.161506 0.506173 0.0119634 0.975309 0.366455
1 0.152357 0.496914 0.0119634 0.981481 0.402588
0 0.191766 0.503086 0.00914849 0.993827 0.415527
0 0.773399 0.5 0.0112597 1 0.452881
0 0.180859 0.503086 0.00844476 0.981481 0.462158
1 0.078114 0.5 0.0140746 1 0.481201
0 0.248768 0.503086 0.00774103 0.993827 0.496338
0 0.736805 0.506173 0.00844476 0.987654 0.510254
0 0.152357 0.496914 0.0119634 0.993827 0.530273
0 0.829697 0.5 0.00844476 1 0.533203
1 0.12069 0.5 0.0147783 0.987654 0.552246
0 0.13969 0.496914 0.00914849 0.993827 0.556152
0 0.223786 0.5 0.00844476 1 0.556641
0 0.338142 0.5 0.00914849 1 0.558594
0 0.515482 0.5 0.00914849 1 0.614746
0 0.28677 0.5 0.0105559 1 0.654297
0 0.320549 0.5 0.0119634 1 0.656738
0 0.377903 0.5 0.00985222 1 0.666016
0 0.102745 0.5 0.00985222 1 0.675781
