1 0.673118 0.5 0.0133709 1 0.346191
0 0.643209 0.5 0.0140746 1 0.352051
0 0.220971 0.503086 0.00844476 0.993827 0.35791
0 0.540464 0.5 0.00844476 1 0.361328
0 0.319845 0.5 0.0119634 1 0.423584
1 0.320901 0.5 0.0140746 1 0.431396
0 0.810697 0.503086 0.00844476 0.981481 0.433594
0 0.880366 0.5 0.00844476 0.987654 0.456543
0 0.672414 0.5 0.0105559 0.987654 0.460938
0 0.792048 0.503086 0.0119634 0.993827 0.467773
0 0.92646 0.5 0.0133709 1 0.520996
0 0.746657 0.5 0.0112597 1 0.530273
1 0.643561 0.496914 0.0147783 0.993827 0.552246
0 0.964462 0.5 0.0105559 1 0.569824
0 0.859958 0.5 0.0112597 1 0.611328
0 0.235046 0.5 0.00985222 1 0.657715
