0 0.155876 0.5 0.00914849 1 0.309082
0 0.546446 0.503086 0.0119634 0.993827 0.310303
0 0.610486 0.5 0.00774103 0.987654 0.327148
0 0.528853 0.5 0.0119634 1 0.401123
0 0.42822 0.5 0.00914849 1 0.481201
0 0.840253 0.503086 0.00844476 0.993827 0.483154
1 0.529909 0.5 0.0126671 1 0.506348
0 0.595355 0.5 0.00844476 1 0.51123
0 0.619282 0.503086 0.00844476 0.981481 0.514648
0 0.626319 0.503086 0.00985222 0.993827 0.518555
0 0.966221 0.496914 0.00985222 0.993827 0.534668
1 0.54715 0.5 0.0161858 1 0.569824
0 0.871569 0.5 0.0119634 1 0.57959
0 0.847994 0.5 0.00985222 0.987654 0.59668
0 0.387051 0.5 0.00844476 1 0.597168
0 0.905348 0.5 0.0119634 1 0.637207
0 0.573188 0.503086 0.00914849 0.993827 0.645996
0 0.502815 0.5 0.00914849 1 0.671875
0 0.220267 0.5 0.00985222 1 0.700684
