0 0.484166 0.496914 0.00844476 0.993827 0.375488
0 0.0225194 0.5 0.00844476 1 0.462891
0 0.732583 0.503086 0.00844476 0.993827 0.491699
0 0.634061 0.5 0.00844476 1 0.598633
0 0.76988 0.5 0.00844476 1 0.612793
0 0.256861 0.5 0.00844476 1 0.618164
0 0.545391 0.503086 0.00844476 0.993827 0.653809
0 0.389866 0.5 0.00844476 1 0.654785
0 0.695637 0.5 0.00914849 1 0.688477
0 0.00527797 0.503086 0.00914849 0.993827 0.691895
0 0.150246 0.5 0.00914849 0.987654 0.693359
0 0.438072 0.496914 0.00914849 0.993827 0.704102
0 0.126319 0.5 0.00914849 1 0.713867
