0 0.214638 0.5 0.018297 1 0.313232
0 0.230471 0.5 0.0133709 0.987654 0.319336
0 0.23962 0.503086 0.00914849 0.993827 0.34668
1 0.228712 0.5 0.0112597 1 0.360596
1 0.313512 0.5 0.0133709 1 0.391602
0 0.00668543 0.5 0.00914849 1 0.446045
0 0.31316 0.496914 0.0126671 0.993827 0.447266
0 0.416608 0.5 0.00985222 0.987654 0.451172
0 0.474666 0.496914 0.00914849 0.993827 0.451172
0 0.40746 0.503086 0.00844476 0.981481 0.506348
0 0.426108 0.5 0.00914849 1 0.52002
0 0.514426 0.5 0.00985222 1 0.539062
0 0.273047 0.5 0.00985222 1 0.599609
0 0.497537 0.5 0.00844476 1 0.638184
0 0.591133 0.5 0.00985222 1 0.645996
1 0.213934 0.496914 0.018297 0.993827 0.649902
0 0.183322 0.5 0.0119634 1 0.675781
