0 0.830049 0.5 0.0161858 1 0.35498
0 0.417664 0.5 0.00914849 0.987654 0.366943
0 0.952146 0.5 0.00844476 1 0.380371
0 0.309641 0.5 0.0126671 1 0.415527
1 0.310697 0.5 0.0147783 1 0.446533
1 0.828994 0.5 0.0126671 0.987654 0.495361
0 0.885292 0.5 0.00844476 1 0.608887
1 0.902182 0.5 0.0168895 1 0.616211
1 0.201267 0.5 0.0154821 1 0.621582
0 0.380718 0.5 0.00985222 0.987654 0.624512
1 0.159043 0.496914 0.0154821 0.981481 0.632812
0 0.514778 0.5 0.00914849 1 0.638184
0 0.083392 0.5 0.0105559 1 0.674805
0 0.239972 0.5 0.00985222 1 0.687988
