0 0.682266 0.5 0.0119634 1 0.39209
1 0.68297 0.5 0.0133709 1 0.406738
0 0.950739 0.5 0.00844476 1 0.541016
0 0.122097 0.5 0.00914849 1 0.542969
0 0.986629 0.506173 0.00844476 0.987654 0.558105
0 0.52076 0.5 0.00985222 1 0.591309
1 0.622801 0.490741 0.018297 0.981481 0.602539
0 0.429979 0.503086 0.00844476 0.993827 0.616699
0 0.103448 0.5 0.00844476 1 0.62207
1 0.700563 0.5 0.0175932 1 0.624023
0 0.155524 0.5 0.00844476 1 0.632324
1 0.596411 0.493827 0.0190007 0.975309 0.659668
1 0.641098 0.503086 0.0168895 0.993827 0.666992
